	mass A	
t	x	
0.000	4.249E-3
0.100	4.298E-3
0.200	5.574E-3
0.300	3.976E-3
0.400	-1.683E-3
0.500	-5.395E-3
0.600	-4.127E-3
0.700	-2.711E-3
0.800	-4.670E-3
0.900	-2.829E-3
1.000	-4.007E-3
1.100	-2.744E-3
1.200	-5.562E-3
1.300	-9.509E-3
1.400	-7.643E-3
1.500	-7.798E-3
1.600	-9.787E-3
1.700	-1.233E-2
1.800	-1.497E-2
1.900	-1.539E-2
2.000	-1.557E-2
2.100	-1.561E-2
2.200	-1.651E-2
2.300	-1.812E-2
2.400	-1.815E-2
2.500	-1.759E-2
2.600	-1.871E-2
2.700	-1.854E-2
2.800	-2.016E-2
2.900	-2.238E-2
3.000	-2.657E-2
3.100	-2.709E-2
3.200	-2.776E-2
3.300	-2.715E-2
3.400	-2.296E-2
3.500	-2.220E-2
3.600	-2.233E-2
3.700	-2.238E-2
3.800	-3.087E-2
3.900	-3.154E-2
4.000	-3.394E-2
4.100	-3.295E-2
4.200	-2.924E-2
4.300	-2.746E-2
4.400	-2.762E-2
4.500	-2.921E-2
4.600	-2.799E-2
4.700	-2.539E-2
4.800	-2.366E-2
4.900	-2.398E-2
5.000	-2.653E-2
5.100	-2.474E-2
5.200	-2.336E-2
5.300	-2.056E-2
5.400	-1.799E-2
5.500	-1.882E-2
5.600	-2.228E-2
5.700	-2.271E-2
5.800	-2.159E-2
5.900	-2.118E-2
6.000	-2.170E-2
6.100	-2.239E-2
6.200	-2.479E-2
6.300	-2.488E-2
6.400	-2.548E-2
6.500	-2.557E-2
6.600	-2.313E-2
6.700	-2.532E-2
6.800	-2.503E-2
6.900	-2.173E-2
7.000	-2.346E-2
7.100	-2.098E-2
7.200	-1.957E-2
7.300	-1.871E-2
7.400	-1.816E-2
7.500	-1.339E-2
7.600	-1.397E-2
7.700	-1.392E-2
7.800	-1.405E-2
7.900	-1.376E-2
8.000	-1.157E-2
8.100	-1.294E-2
8.200	-9.123E-3
8.300	-1.132E-2
8.400	-1.021E-2
8.500	-1.013E-2
8.600	-8.360E-3
8.700	-8.470E-3
8.800	-7.489E-3
8.900	-4.346E-3
9.000	-5.483E-3
9.100	-2.303E-3
9.200	-2.744E-3
9.300	-4.711E-3
9.400	-2.660E-3
9.500	-2.577E-3
9.600	-3.904E-3
9.700	-5.147E-3
9.800	-7.812E-3
9.900	-1.350E-3
10.000	3.110E-3
10.100	6.439E-3
10.200	6.179E-3
10.300	9.057E-3
10.400	6.307E-3
10.500	7.192E-3
10.600	8.684E-3
10.700	1.024E-2
10.800	1.107E-2
10.900	8.120E-3
11.000	8.091E-3
11.100	3.720E-3
11.200	1.342E-3
11.300	-8.726E-4
11.400	1.989E-3
11.500	-1.039E-3
11.600	-1.596E-3
11.700	-8.719E-4
11.800	3.118E-3
11.900	4.743E-3
12.000	6.246E-3
12.100	9.677E-3
12.200	1.264E-2
12.300	1.235E-2
12.400	1.668E-2
12.500	1.823E-2
12.600	1.967E-2
12.700	1.856E-2
12.800	1.721E-2
12.900	1.606E-2
13.000	1.851E-2
13.100	2.278E-2
13.200	2.339E-2
13.300	2.418E-2
13.400	2.301E-2
13.500	2.318E-2
13.600	2.203E-2
13.700	2.225E-2
13.800	1.769E-2
13.900	1.844E-2
14.000	1.787E-2
14.100	1.743E-2
14.200	1.812E-2
14.300	1.659E-2
14.400	1.551E-2
14.500	1.327E-2
14.600	1.351E-2
14.700	9.116E-3
14.800	1.149E-2
14.900	1.163E-2
15.000	1.155E-2
15.100	1.231E-2
15.200	9.381E-3
15.300	1.035E-2
15.400	9.073E-3
15.500	1.193E-2
15.600	1.237E-2
15.700	1.207E-2
15.800	8.979E-3
15.900	1.115E-2
16.000	1.303E-2
16.100	1.396E-2
16.200	1.159E-2
16.300	1.072E-2
16.400	1.323E-2
16.500	1.263E-2
16.600	1.537E-2
16.700	1.590E-2
16.800	1.579E-2
16.900	1.387E-2
17.000	1.070E-2
17.100	8.307E-3
17.200	6.555E-3
17.300	4.686E-3
17.400	5.273E-3
17.500	3.451E-3
17.600	6.264E-3
17.700	3.070E-3
17.800	3.831E-3
17.900	5.055E-3
18.000	5.544E-3
18.100	8.947E-3
18.200	1.142E-2
18.300	1.039E-2
18.400	9.951E-3
18.500	1.264E-2
18.600	1.443E-2
18.700	1.128E-2
18.800	1.089E-2
18.900	1.108E-2
19.000	1.150E-2
19.100	1.139E-2
19.200	1.189E-2
19.300	8.175E-3
19.400	1.024E-2
19.500	1.115E-2
19.600	1.168E-2
19.700	1.438E-2
19.800	1.695E-2
19.900	1.837E-2
20.000	1.944E-2
20.100	1.948E-2
20.200	1.761E-2
20.300	1.695E-2
20.400	1.438E-2
20.500	1.515E-2
20.600	1.720E-2
20.700	1.667E-2
20.800	
20.900	
21.000	
21.100	8.037E-3
21.200	
21.300	
21.400	3.268E-3
21.500	2.716E-3
21.600	3.436E-3
21.700	7.934E-4
21.800	2.684E-3
21.900	
22.000	5.589E-3
22.100	
22.200	
22.300	
22.400	
22.500	7.050E-3
22.600	5.653E-3
22.700	7.589E-3
22.800	5.653E-3
22.900	5.201E-3
23.000	
23.100	3.946E-3
23.200	4.819E-3
23.300	5.962E-3
23.400	3.760E-3
23.500	6.018E-3
23.600	4.384E-3
23.700	-4.217E-4
23.800	-2.753E-3
23.900	-3.475E-3
24.000	-3.523E-3
24.100	-7.245E-3
24.200	-6.654E-3
24.300	-5.963E-3
24.400	-4.570E-3
24.500	-7.309E-3
24.600	-4.566E-3
24.700	-6.734E-3
24.800	-7.796E-3
24.900	-1.407E-2
25.000	-1.216E-2
25.100	-1.294E-2
25.200	-1.460E-2
25.300	-1.505E-2
25.400	-1.328E-2
25.500	-1.403E-2
25.600	-1.880E-2
25.700	-1.638E-2
25.800	-1.503E-2
25.900	-1.782E-2
26.000	-1.910E-2
26.100	-1.750E-2
26.200	-9.824E-3
26.300	-8.528E-3
26.400	-1.145E-2
26.500	-9.479E-3
26.600	-9.901E-3
26.700	-1.005E-2
26.800	-1.137E-2
26.900	-1.713E-2
27.000	-1.998E-2
27.100	-2.265E-2
27.200	-2.473E-2
27.300	-2.700E-2
27.400	-3.028E-2
27.500	-3.006E-2
27.600	-3.076E-2
27.700	-2.562E-2
27.800	-2.772E-2
27.900	-2.931E-2
28.000	-3.081E-2
28.100	-3.055E-2
28.200	-2.855E-2
28.300	-2.734E-2
28.400	-2.815E-2
28.500	-2.781E-2
28.600	-3.158E-2
28.700	-2.990E-2
28.800	-3.001E-2
28.900	-2.856E-2
29.000	-2.820E-2
29.100	-2.602E-2
29.200	-2.684E-2
29.300	-3.035E-2
29.400	-2.908E-2
29.500	-3.422E-2
29.600	-3.255E-2
29.700	-2.961E-2
29.800	-3.203E-2
29.900	-2.998E-2
30.000	-3.212E-2
30.100	-2.855E-2
30.200	-2.978E-2
30.300	-3.237E-2
30.400	-3.029E-2
30.500	-3.173E-2
30.600	-2.816E-2
30.700	-2.892E-2
30.800	-2.746E-2
30.900	-2.715E-2
31.000	-2.728E-2
31.100	-2.467E-2
31.200	-2.554E-2
31.300	-2.352E-2
31.400	-2.271E-2
31.500	-2.291E-2
31.600	-1.996E-2
31.700	-2.074E-2
31.800	-2.138E-2
31.900	-2.277E-2
32.000	-2.384E-2
32.100	-2.759E-2
32.200	-3.105E-2
32.300	-3.032E-2
32.400	-3.135E-2
32.500	-3.563E-2
32.600	-3.390E-2
32.700	-3.244E-2
32.800	-2.930E-2
32.900	-3.053E-2
33.000	-3.037E-2
33.100	-2.743E-2
33.200	-2.556E-2
33.300	-2.915E-2
33.400	-3.510E-2
33.500	-3.305E-2
33.600	-3.360E-2
33.700	-3.306E-2
33.800	-3.130E-2
33.900	-3.096E-2
34.000	-3.077E-2
34.100	-2.833E-2
34.200	-2.591E-2
34.300	-2.735E-2
34.400	-2.761E-2
34.500	-3.086E-2
34.600	-3.033E-2
34.700	-3.283E-2
34.800	-3.239E-2
34.900	-2.828E-2
35.000	-2.880E-2
35.100	-3.089E-2
35.200	-3.071E-2
35.300	-2.984E-2
35.400	-3.239E-2
35.500	-3.273E-2
35.600	-4.122E-2
35.700	-4.120E-2
35.800	-4.292E-2
35.900	-4.430E-2
36.000	-4.628E-2
36.100	-4.406E-2
36.200	-4.719E-2
36.300	-4.432E-2
36.400	-4.521E-2
36.500	-4.562E-2
36.600	-4.538E-2
36.700	-4.509E-2
36.800	-4.169E-2
36.900	-3.982E-2
37.000	-4.072E-2
37.100	-3.921E-2
37.200	-4.287E-2
37.300	-3.761E-2
37.400	-4.150E-2
37.500	-3.960E-2
37.600	-4.139E-2
37.700	-4.041E-2
37.800	-4.187E-2
37.900	-4.054E-2
38.000	-4.163E-2
38.100	-4.263E-2
38.200	-4.434E-2
38.300	-4.544E-2
38.400	-4.744E-2
38.500	-4.861E-2
38.600	-4.734E-2
38.700	-4.559E-2
38.800	-4.507E-2
38.900	-4.324E-2
39.000	-4.271E-2
39.100	-4.132E-2
39.200	-4.413E-2
39.300	-4.240E-2
39.400	-4.242E-2
39.500	-4.241E-2
39.600	-4.092E-2
39.700	-4.313E-2
39.800	-4.586E-2
39.900	-4.939E-2
40.000	-4.824E-2
40.100	-4.625E-2
40.200	-4.657E-2
40.300	-4.337E-2
40.400	-4.087E-2
40.500	-3.978E-2
40.600	-3.899E-2
40.700	-3.793E-2
40.800	-3.581E-2
40.900	-3.691E-2
41.000	-3.682E-2
41.100	-3.960E-2
41.200	-3.908E-2
41.300	-4.225E-2
41.400	-4.232E-2
41.500	-4.261E-2
41.600	-4.544E-2
41.700	-4.694E-2
41.800	-4.624E-2
41.900	-4.545E-2
42.000	-4.576E-2
42.100	-4.768E-2
42.200	-4.876E-2
42.300	-4.614E-2
42.400	-4.573E-2
42.500	-5.133E-2
42.600	-5.150E-2
42.700	-5.055E-2
42.800	-5.391E-2
42.900	-5.396E-2
43.000	-5.278E-2
43.100	-5.063E-2
43.200	-5.081E-2
43.300	-4.840E-2
43.400	-4.849E-2
43.500	-4.821E-2
43.600	-4.925E-2
43.700	-5.175E-2
43.800	-5.241E-2
43.900	-5.198E-2
44.000	-5.260E-2
44.100	-5.243E-2
44.200	-5.323E-2
44.300	-5.423E-2
44.400	-5.424E-2
44.500	-5.418E-2
44.600	-5.138E-2
44.700	-5.274E-2
44.800	-5.415E-2
44.900	-5.358E-2
45.000	-5.384E-2
45.100	-5.613E-2
45.200	-5.618E-2
45.300	-5.605E-2
45.400	-5.442E-2
45.500	-5.406E-2
45.600	-5.271E-2
45.700	-5.216E-2
45.800	-5.284E-2
45.900	-5.224E-2
46.000	-5.297E-2
46.100	-5.624E-2
46.200	-5.750E-2
46.300	-5.930E-2
46.400	-5.903E-2
46.500	-5.909E-2
46.600	-6.044E-2
46.700	-6.240E-2
46.800	-6.266E-2
46.900	-6.203E-2
47.000	-6.088E-2
47.100	-6.149E-2
47.200	-5.916E-2
47.300	-6.010E-2
47.400	-6.405E-2
47.500	-6.800E-2
47.600	-6.975E-2
47.700	-6.783E-2
47.800	-6.478E-2
47.900	-6.663E-2
48.000	-6.532E-2
48.100	-6.382E-2
48.200	-6.458E-2
48.300	-6.474E-2
48.400	-6.436E-2
48.500	-6.354E-2
48.600	-6.442E-2
48.700	-6.420E-2
48.800	-6.409E-2
48.900	-6.422E-2
49.000	-6.064E-2
49.100	-5.975E-2
49.200	-6.003E-2
49.300	-5.795E-2
49.400	-5.840E-2
49.500	-5.800E-2
49.600	-5.213E-2
49.700	-5.128E-2
49.800	-5.197E-2
49.900	-5.140E-2
50.000	-5.294E-2
50.100	-5.080E-2
50.200	-5.114E-2
50.300	-5.072E-2
50.400	-5.096E-2
50.500	-5.127E-2
50.600	-4.888E-2
50.700	-4.933E-2
50.800	-4.565E-2
50.900	-4.767E-2
51.000	-4.741E-2
51.100	-4.913E-2
51.200	-4.759E-2
51.300	-4.827E-2
51.400	-4.783E-2
51.500	-4.803E-2
51.600	-4.796E-2
51.700	-4.835E-2
51.800	-4.767E-2
51.900	-4.765E-2
52.000	-4.832E-2
52.100	-4.920E-2
52.200	-4.588E-2
52.300	-4.373E-2
52.400	-4.629E-2
52.500	-4.627E-2
52.600	-4.908E-2
52.700	-4.915E-2
52.800	-4.885E-2
52.900	-4.830E-2
53.000	-4.911E-2
53.100	-4.759E-2
53.200	-4.564E-2
53.300	-4.662E-2
53.400	-4.579E-2
53.500	-4.607E-2
53.600	-4.815E-2
53.700	-4.677E-2
53.800	-4.596E-2
53.900	-4.798E-2
54.000	-4.597E-2
54.100	-4.515E-2
54.200	-4.458E-2
54.300	-4.350E-2
54.400	-4.413E-2
54.500	-4.752E-2
54.600	-4.691E-2
54.700	-4.646E-2
54.800	-4.242E-2
54.900	-4.163E-2
55.000	-4.354E-2
55.100	-4.618E-2
55.200	-4.671E-2
55.300	-4.354E-2
55.400	-4.573E-2
55.500	-4.733E-2
55.600	-4.815E-2
55.700	-4.907E-2
55.800	-5.127E-2
55.900	-4.932E-2
56.000	-4.934E-2
56.100	-4.981E-2
56.200	-4.932E-2
56.300	-4.829E-2
56.400	-4.503E-2
56.500	-4.295E-2
56.600	-4.354E-2
56.700	-4.377E-2
56.800	-4.254E-2
56.900	-4.337E-2
57.000	-4.201E-2
57.100	-4.278E-2
57.200	-4.283E-2
57.300	-4.281E-2
57.400	-4.405E-2
57.500	-4.869E-2
57.600	-5.024E-2
57.700	-4.944E-2
57.800	-5.017E-2
57.900	-4.808E-2
58.000	-4.693E-2
58.100	-5.066E-2
58.200	-5.359E-2
58.300	-5.533E-2
58.400	-5.728E-2
58.500	-5.472E-2
58.600	-5.208E-2
58.700	-5.225E-2
58.800	-5.514E-2
58.900	-5.911E-2
59.000	-5.866E-2
59.100	-5.889E-2
59.200	-6.138E-2
59.300	-5.904E-2
59.400	-5.832E-2
59.500	-5.510E-2
59.600	-5.801E-2
59.700	-5.693E-2
59.800	-5.684E-2
59.900	-5.266E-2
60.000	-4.759E-2
60.100	-4.609E-2
60.200	-4.554E-2
60.300	-4.119E-2
60.400	-4.228E-2
60.500	-4.385E-2
60.600	-4.290E-2
60.700	-4.574E-2
60.800	-4.738E-2
60.900	-4.803E-2
61.000	-4.709E-2
61.100	-4.555E-2
61.200	-4.808E-2
61.300	-4.153E-2
61.400	-4.149E-2
61.500	-3.966E-2
61.600	-4.077E-2
61.700	-3.934E-2
61.800	-4.097E-2
61.900	-4.218E-2
62.000	-4.590E-2
62.100	-4.689E-2
62.200	-4.706E-2
62.300	-4.600E-2
62.400	-4.595E-2
62.500	-4.524E-2
62.600	-4.084E-2
62.700	-4.281E-2
62.800	-4.503E-2
62.900	-4.375E-2
63.000	-4.317E-2
63.100	-4.247E-2
63.200	-4.197E-2
63.300	-3.883E-2
63.400	-3.747E-2
63.500	-3.934E-2
63.600	-4.096E-2
63.700	-3.913E-2
63.800	-4.180E-2
63.900	-3.786E-2
64.000	-3.861E-2
64.100	-4.016E-2
64.200	-4.141E-2
64.300	-4.571E-2
64.400	-4.679E-2
64.500	-4.623E-2
64.600	-5.192E-2
64.700	-4.938E-2
64.800	-4.645E-2
64.900	-4.726E-2
65.000	-4.541E-2
65.100	-4.469E-2
65.200	-4.438E-2
65.300	-4.620E-2
65.400	-4.443E-2
65.500	-4.501E-2
65.600	-4.311E-2
65.700	-4.558E-2
65.800	-4.639E-2
65.900	-4.595E-2
66.000	-5.091E-2
66.100	-4.898E-2
66.200	-5.114E-2
66.300	-5.176E-2
66.400	-5.243E-2
66.500	-5.043E-2
66.600	-5.031E-2
66.700	-4.965E-2
66.800	-4.731E-2
66.900	-4.663E-2
67.000	-4.639E-2
67.100	-4.247E-2
67.200	-4.198E-2
67.300	-4.194E-2
67.400	-4.676E-2
67.500	-4.656E-2
67.600	-4.677E-2
67.700	-4.753E-2
67.800	-4.793E-2
67.900	-4.789E-2
68.000	-4.597E-2
68.100	-4.602E-2
68.200	-4.981E-2
68.300	-4.777E-2
68.400	-4.798E-2
68.500	-4.609E-2
68.600	-4.900E-2
68.700	-4.835E-2
68.800	-4.843E-2
68.900	-4.771E-2
69.000	-4.666E-2
69.100	-4.524E-2
69.200	-4.140E-2
69.300	-3.643E-2
69.400	-3.414E-2
69.500	-3.425E-2
69.600	-3.367E-2
69.700	-3.742E-2
69.800	-3.424E-2
69.900	-3.245E-2
70.000	-3.277E-2
70.100	-3.272E-2
70.200	-3.438E-2
70.300	-3.363E-2
70.400	-3.719E-2
70.500	-3.691E-2
70.600	-3.428E-2
70.700	-3.529E-2
70.800	-3.476E-2
70.900	-3.720E-2
71.000	-3.263E-2
71.100	-3.094E-2
71.200	-3.310E-2
71.300	-3.044E-2
71.400	-2.685E-2
71.500	-2.592E-2
71.600	-2.515E-2
71.700	-2.575E-2
71.800	-2.648E-2
71.900	-2.938E-2
72.000	-3.004E-2
72.100	-2.831E-2
72.200	-3.083E-2
72.300	-2.703E-2
72.400	-2.446E-2
72.500	-2.563E-2
72.600	-2.653E-2
72.700	-2.302E-2
72.800	-2.047E-2
72.900	-2.166E-2
73.000	-1.999E-2
73.100	-2.223E-2
73.200	-2.218E-2
73.300	-1.931E-2
73.400	-1.853E-2
73.500	-1.893E-2
73.600	-1.779E-2
73.700	-2.073E-2
73.800	-1.852E-2
73.900	-1.855E-2
74.000	-1.500E-2
74.100	-1.077E-2
74.200	-1.079E-2
74.300	-9.433E-3
74.400	-9.288E-3
74.500	-8.873E-3
74.600	-9.933E-3
74.700	-1.295E-2
74.800	-1.466E-2
74.900	-1.712E-2
75.000	-2.172E-2
75.100	-2.160E-2
75.200	-2.104E-2
75.300	-2.242E-2
75.400	-2.419E-2
75.500	-2.596E-2
75.600	-2.606E-2
75.700	-2.617E-2
75.800	-2.371E-2
75.900	-2.236E-2
76.000	-2.201E-2
76.100	-2.313E-2
76.200	-2.149E-2
76.300	-2.133E-2
76.400	-2.128E-2
76.500	-1.873E-2
76.600	-2.100E-2
76.700	-2.064E-2
76.800	-2.432E-2
76.900	-2.593E-2
77.000	-3.006E-2
77.100	-3.075E-2
77.200	-3.348E-2
77.300	-3.574E-2
77.400	-3.352E-2
77.500	-3.294E-2
77.600	-3.227E-2
77.700	-3.298E-2
77.800	-3.430E-2
77.900	-3.768E-2
78.000	-3.670E-2
78.100	-3.440E-2
78.200	-3.285E-2
78.300	-3.647E-2
78.400	-3.765E-2
78.500	-3.752E-2
78.600	-3.831E-2
78.700	-3.403E-2
78.800	-3.648E-2
78.900	-3.917E-2
79.000	-3.814E-2
79.100	-3.266E-2
79.200	-3.021E-2
79.300	-3.229E-2
79.400	-3.527E-2
79.500	-3.008E-2
79.600	-3.105E-2
79.700	-3.110E-2
79.800	-3.180E-2
79.900	-3.285E-2
80.000	-3.429E-2
80.100	-3.247E-2
80.200	-3.352E-2
80.300	-3.302E-2
80.400	-3.011E-2
80.500	-2.786E-2
80.600	-2.358E-2
80.700	-2.409E-2
80.800	-2.335E-2
80.900	-2.118E-2
81.000	-1.908E-2
81.100	-1.987E-2
81.200	-1.798E-2
81.300	-1.674E-2
81.400	-1.698E-2
81.500	-2.026E-2
81.600	-2.161E-2
81.700	-2.327E-2
81.800	-2.556E-2
81.900	-2.274E-2
82.000	-1.887E-2
82.100	-2.129E-2
82.200	-2.319E-2
82.300	-2.627E-2
82.400	-2.619E-2
82.500	-2.671E-2
82.600	-2.644E-2
82.700	-2.710E-2
82.800	-2.744E-2
82.900	-2.392E-2
83.000	-2.233E-2
83.100	-2.437E-2
83.200	-2.254E-2
83.300	-2.436E-2
83.400	-2.526E-2
83.500	-2.611E-2
83.600	-2.538E-2
83.700	-2.517E-2
83.800	-2.728E-2
83.900	-2.892E-2
84.000	-2.846E-2
84.100	-2.669E-2
84.200	-2.600E-2
84.300	-2.211E-2
84.400	-2.386E-2
84.500	-2.200E-2
84.600	-2.003E-2
84.700	-1.949E-2
84.800	-2.140E-2
84.900	-2.331E-2
85.000	-2.095E-2
85.100	-1.992E-2
85.200	-2.059E-2
85.300	-2.597E-2
85.400	-2.530E-2
85.500	-2.686E-2
85.600	-2.772E-2
85.700	-2.795E-2
85.800	-2.615E-2
85.900	-2.674E-2
86.000	-2.613E-2
86.100	-2.589E-2
86.200	-2.516E-2
86.300	-2.639E-2
86.400	-2.490E-2
86.500	-2.526E-2
86.600	-2.884E-2
86.700	-3.183E-2
86.800	-3.344E-2
86.900	-3.088E-2
87.000	-3.084E-2
87.100	-3.390E-2
87.200	-3.465E-2
87.300	-3.667E-2
87.400	-3.792E-2
87.500	-3.987E-2
87.600	-3.791E-2
87.700	-4.081E-2
87.800	-4.136E-2
87.900	-3.991E-2
88.000	-4.182E-2
88.100	-4.273E-2
88.200	-3.995E-2
88.300	-4.320E-2
88.400	-4.194E-2
88.500	-4.197E-2
88.600	-4.315E-2
88.700	-4.299E-2
88.800	-4.421E-2
88.900	-4.460E-2
89.000	-4.470E-2
89.100	-4.838E-2
89.200	-5.164E-2
89.300	-5.204E-2
89.400	-5.171E-2
89.500	-5.415E-2
89.600	-5.307E-2
89.700	-5.137E-2
89.800	-5.289E-2
89.900	-5.425E-2
90.000	-5.437E-2
90.100	-5.435E-2
90.200	-5.580E-2
90.300	-5.629E-2
90.400	-5.518E-2
90.500	-5.471E-2
90.600	-5.430E-2
90.700	-5.449E-2
90.800	-5.693E-2
90.900	-5.939E-2
91.000	-5.989E-2
91.100	-6.172E-2
91.200	-6.464E-2
91.300	-6.509E-2
91.400	-6.475E-2
91.500	-6.510E-2
91.600	-6.617E-2
91.700	-6.589E-2
91.800	-6.246E-2
91.900	-6.090E-2
92.000	-6.388E-2
92.100	-6.340E-2
92.200	-6.277E-2
92.300	-6.196E-2
92.400	-6.253E-2
92.500	-6.401E-2
92.600	-6.422E-2
92.700	-6.609E-2
92.800	-6.656E-2
92.900	-6.498E-2
93.000	-6.599E-2
93.100	-6.425E-2
93.200	-6.327E-2
93.300	-6.675E-2
93.400	-6.869E-2
93.500	-6.963E-2
93.600	-6.807E-2
93.700	-6.806E-2
93.800	-7.164E-2
93.900	-6.907E-2
94.000	-6.681E-2
94.100	-6.480E-2
94.200	-6.646E-2
94.300	-6.557E-2
94.400	-6.533E-2
94.500	-6.613E-2
94.600	-6.352E-2
94.700	-6.175E-2
94.800	-6.355E-2
94.900	-6.055E-2
95.000	-5.477E-2
95.100	-5.347E-2
95.200	-5.218E-2
95.300	-5.378E-2
95.400	-5.328E-2
95.500	-5.331E-2
95.600	-5.251E-2
95.700	-5.255E-2
95.800	-5.325E-2
95.900	-5.183E-2
96.000	-5.331E-2
96.100	-5.208E-2
96.200	-4.854E-2
96.300	-4.932E-2
96.400	-5.072E-2
96.500	-5.134E-2
96.600	-5.134E-2
96.700	-5.123E-2
96.800	-5.133E-2
96.900	-5.194E-2
97.000	-5.709E-2
97.100	-5.299E-2
97.200	-5.407E-2
97.300	-5.354E-2
97.400	-5.038E-2
97.500	-4.987E-2
97.600	-4.965E-2
97.700	-5.039E-2
97.800	-5.259E-2
97.900	-5.378E-2
98.000	-5.563E-2
98.100	-5.472E-2
98.200	-5.498E-2
98.300	-5.755E-2
98.400	-5.839E-2
98.500	-5.853E-2
98.600	-5.882E-2
98.700	-5.799E-2
98.800	-5.621E-2
98.900	-5.717E-2
99.000	-5.385E-2
99.100	-5.305E-2
99.200	-5.370E-2
99.300	-5.489E-2
99.400	-5.547E-2
99.500	-5.414E-2
99.600	-5.310E-2
99.700	-5.643E-2
99.800	-5.548E-2
99.900	-5.861E-2
100.000	-5.968E-2
100.100	-5.966E-2
100.200	-5.942E-2
100.300	-5.932E-2
100.400	-5.541E-2
100.500	-5.264E-2
100.600	-5.367E-2
100.700	-5.376E-2
100.800	-5.013E-2
100.900	-4.976E-2
101.000	-5.190E-2
101.100	-5.467E-2
101.200	-5.619E-2
101.300	-5.469E-2
101.400	-5.234E-2
101.500	-5.075E-2
101.600	-5.063E-2
101.700	-5.041E-2
101.800	-5.155E-2
101.900	-5.327E-2
102.000	-5.172E-2
102.100	-4.897E-2
102.200	-4.703E-2
102.300	-4.641E-2
102.400	-4.662E-2
102.500	-4.813E-2
102.600	-5.047E-2
102.700	-5.337E-2
102.800	-5.016E-2
102.900	-4.978E-2
103.000	-4.817E-2
103.100	-4.702E-2
103.200	-4.559E-2
103.300	-4.426E-2
103.400	-4.191E-2
103.500	-3.973E-2
103.600	-3.469E-2
103.700	-3.514E-2
103.800	-3.683E-2
103.900	-3.754E-2
104.000	-4.009E-2
104.100	-4.389E-2
104.200	-4.239E-2
104.300	-3.884E-2
104.400	-4.169E-2
104.500	-3.924E-2
104.600	-3.755E-2
104.700	-3.871E-2
104.800	-3.789E-2
104.900	-4.174E-2
105.000	-4.096E-2
105.100	-3.831E-2
105.200	-3.886E-2
105.300	-3.984E-2
105.400	-4.003E-2
105.500	-4.435E-2
105.600	-4.458E-2
105.700	-4.318E-2
105.800	-4.285E-2
105.900	-4.725E-2
106.000	-4.548E-2
106.100	-4.263E-2
106.200	-4.140E-2
106.300	-4.289E-2
106.400	-4.237E-2
106.500	-4.016E-2
106.600	-3.967E-2
106.700	-3.858E-2
106.800	-3.376E-2
106.900	-3.228E-2
107.000	-3.344E-2
107.100	-3.497E-2
107.200	-3.431E-2
107.300	-3.042E-2
107.400	-3.252E-2
107.500	-3.251E-2
107.600	-3.385E-2
107.700	-3.311E-2
107.800	-3.318E-2
107.900	-3.417E-2
108.000	-3.447E-2
108.100	-3.276E-2
108.200	-3.574E-2
108.300	-3.440E-2
108.400	-3.484E-2
108.500	-3.140E-2
108.600	-3.260E-2
108.700	-3.043E-2
108.800	-2.634E-2
108.900	-2.203E-2
109.000	-2.392E-2
109.100	-2.366E-2
109.200	-2.069E-2
109.300	-2.104E-2
109.400	-2.088E-2
109.500	-2.045E-2
109.600	-1.977E-2
109.700	-2.031E-2
109.800	-2.456E-2
109.900	-2.525E-2
110.000	-3.040E-2
110.100	-2.964E-2
110.200	-2.871E-2
110.300	-2.854E-2
110.400	-3.100E-2
110.500	-3.189E-2
110.600	-3.562E-2
110.700	-3.527E-2
110.800	-3.192E-2
110.900	-3.330E-2
111.000	-3.217E-2
111.100	-2.973E-2
111.200	-2.517E-2
111.300	-2.681E-2
111.400	-2.463E-2
111.500	-2.453E-2
111.600	-2.621E-2
111.700	-2.527E-2
111.800	-2.369E-2
111.900	-2.611E-2
112.000	-2.536E-2
112.100	-2.867E-2
112.200	-3.001E-2
112.300	-2.694E-2
112.400	-2.875E-2
112.500	-2.676E-2
112.600	-2.431E-2
112.700	-2.832E-2
112.800	-2.716E-2
112.900	-3.004E-2
113.000	-2.927E-2
113.100	-2.919E-2
113.200	-3.247E-2
113.300	-3.244E-2
113.400	-3.206E-2
113.500	-3.062E-2
113.600	-2.939E-2
113.700	-2.660E-2
113.800	-2.821E-2
113.900	-2.850E-2
114.000	-3.363E-2
114.100	-3.432E-2
114.200	-3.553E-2
114.300	-3.464E-2
114.400	-3.522E-2
114.500	-3.709E-2
114.600	-3.871E-2
114.700	-4.011E-2
114.800	-4.116E-2
114.900	-4.275E-2
115.000	-4.450E-2
115.100	-4.467E-2
115.200	-4.423E-2
115.300	-4.290E-2
115.400	-4.087E-2
115.500	-4.277E-2
115.600	-4.059E-2
115.700	-3.993E-2
115.800	-3.963E-2
115.900	-3.903E-2
116.000	-3.861E-2
116.100	-3.866E-2
116.200	-3.822E-2
116.300	-4.056E-2
116.400	-4.117E-2
116.500	-4.007E-2
116.600	-4.157E-2
116.700	-3.845E-2
116.800	-3.604E-2
116.900	-3.348E-2
117.000	-3.518E-2
117.100	-3.295E-2
117.200	-3.390E-2
117.300	-3.593E-2
117.400	-3.470E-2
117.500	-3.393E-2
117.600	-3.497E-2
117.700	-3.198E-2
117.800	-3.485E-2
117.900	-3.553E-2
118.000	-3.716E-2
118.100	-3.490E-2
118.200	-3.353E-2
118.300	-3.450E-2
118.400	-3.541E-2
118.500	-3.161E-2
118.600	-2.902E-2
118.700	-2.742E-2
118.800	-2.710E-2
118.900	-2.718E-2
119.000	-2.859E-2
119.100	-2.624E-2
119.200	-3.153E-2
119.300	-3.171E-2
119.400	-2.916E-2
119.500	-3.211E-2
119.600	-2.775E-2
119.700	-2.638E-2
119.800	-2.813E-2
119.900	-2.774E-2
120.000	-2.885E-2
120.100	-2.676E-2
120.200	-2.749E-2
120.300	-2.204E-2
120.400	-2.090E-2
120.500	-2.212E-2
120.600	-2.490E-2
120.700	-2.982E-2
120.800	-3.173E-2
120.900	-3.175E-2
121.000	-3.109E-2
121.100	-2.958E-2
121.200	-3.207E-2
121.300	-3.496E-2
121.400	-3.615E-2
121.500	-3.298E-2
121.600	-3.106E-2
121.700	-3.219E-2
121.800	-3.530E-2
121.900	-3.337E-2
122.000	-3.211E-2
122.100	-3.320E-2
122.200	-3.297E-2
122.300	-3.240E-2
122.400	-3.467E-2
122.500	-3.602E-2
122.600	-3.667E-2
122.700	-3.488E-2
122.800	-3.669E-2
122.900	-3.700E-2
123.000	-3.394E-2
123.100	-3.757E-2
123.200	-3.675E-2
123.300	-3.639E-2
123.400	-3.345E-2
123.500	-3.208E-2
123.600	-3.282E-2
123.700	-3.388E-2
123.800	-3.448E-2
123.900	-3.370E-2
124.000	-3.235E-2
124.100	-3.095E-2
124.200	-3.222E-2
124.300	-3.278E-2
124.400	-3.465E-2
124.500	-3.165E-2
124.600	-3.145E-2
124.700	-3.053E-2
124.800	-3.229E-2
124.900	-3.445E-2
125.000	-3.350E-2
125.100	-3.300E-2
125.200	-3.199E-2
125.300	-3.272E-2
125.400	-3.385E-2
125.500	-3.228E-2
125.600	-3.252E-2
125.700	-3.261E-2
125.800	-3.359E-2
125.900	-3.177E-2
126.000	-3.425E-2
126.100	-3.106E-2
126.200	-3.335E-2
126.300	-3.167E-2
126.400	-3.175E-2
126.500	-2.886E-2
126.600	-2.594E-2
126.700	-2.292E-2
126.800	-2.321E-2
126.900	-2.334E-2
127.000	-2.458E-2
127.100	-2.408E-2
127.200	-2.296E-2
127.300	-2.528E-2
127.400	-2.759E-2
127.500	-3.166E-2
127.600	-3.011E-2
127.700	-2.978E-2
127.800	-3.226E-2
127.900	-3.187E-2
128.000	-3.162E-2
128.100	-3.271E-2
128.200	-3.179E-2
128.300	-3.388E-2
128.400	-3.790E-2
128.500	-3.785E-2
128.600	-3.732E-2
128.700	-3.764E-2
128.800	-4.164E-2
128.900	-4.542E-2
129.000	-4.515E-2
129.100	-4.875E-2
129.200	-5.101E-2
129.300	-5.221E-2
129.400	-5.276E-2
129.500	-5.226E-2
129.600	-4.964E-2
129.700	-4.553E-2
129.800	-4.634E-2
129.900	-4.193E-2
130.000	-4.158E-2
130.100	-4.022E-2
130.200	-4.011E-2
130.300	-3.810E-2
130.400	-3.573E-2
130.500	-3.521E-2
130.600	-3.494E-2
130.700	-3.685E-2
130.800	-3.880E-2
130.900	-4.055E-2
131.000	-4.138E-2
131.100	-4.220E-2
131.200	-4.169E-2
131.300	-4.312E-2
131.400	-4.061E-2
131.500	-4.015E-2
131.600	-4.134E-2
131.700	-4.023E-2
131.800	-4.103E-2
131.900	-4.153E-2
132.000	-4.318E-2
132.100	-4.193E-2
132.200	-4.296E-2
132.300	-4.331E-2
132.400	-4.175E-2
132.500	-4.209E-2
132.600	-3.863E-2
132.700	-3.686E-2
132.800	-3.878E-2
132.900	-4.123E-2
133.000	-4.286E-2
133.100	-4.595E-2
133.200	-4.751E-2
133.300	-4.591E-2
133.400	-4.528E-2
133.500	-4.188E-2
133.600	-4.281E-2
133.700	-4.181E-2
133.800	-4.067E-2
133.900	-4.010E-2
134.000	-3.806E-2
134.100	-3.759E-2
134.200	-3.745E-2
134.300	-3.778E-2
134.400	-3.819E-2
134.500	-3.649E-2
134.600	-3.574E-2
134.700	-3.229E-2
134.800	-3.139E-2
134.900	-3.035E-2
135.000	-2.741E-2
135.100	-2.795E-2
135.200	-2.816E-2
135.300	-3.075E-2
135.400	-2.968E-2
135.500	-2.781E-2
135.600	-2.553E-2
135.700	-2.140E-2
135.800	-2.335E-2
135.900	-2.276E-2
136.000	-2.098E-2
136.100	-2.029E-2
136.200	-1.981E-2
136.300	-2.313E-2
136.400	-2.085E-2
136.500	-2.187E-2
136.600	-1.811E-2
136.700	-1.845E-2
136.800	-1.868E-2
136.900	-1.837E-2
137.000	-2.038E-2
137.100	-2.176E-2
137.200	-2.713E-2
137.300	-2.703E-2
137.400	-2.799E-2
137.500	-2.890E-2
137.600	-2.823E-2
137.700	-2.767E-2
137.800	-2.673E-2
137.900	-2.633E-2
138.000	-2.455E-2
138.100	-2.335E-2
138.200	-2.715E-2
138.300	-2.592E-2
138.400	-2.697E-2
138.500	-2.602E-2
138.600	-2.894E-2
138.700	-2.969E-2
138.800	-3.259E-2
138.900	-3.101E-2
139.000	-3.094E-2
139.100	-2.984E-2
139.200	-2.728E-2
139.300	-2.617E-2
139.400	-2.625E-2
139.500	-2.999E-2
139.600	-3.122E-2
139.700	-3.246E-2
139.800	-3.262E-2
139.900	-3.202E-2
140.000	-3.775E-2
140.100	-3.885E-2
140.200	-3.745E-2
140.300	-3.936E-2
140.400	-3.822E-2
140.500	-3.802E-2
140.600	-3.809E-2
140.700	-3.822E-2
140.800	-3.799E-2
140.900	-3.339E-2
141.000	-3.339E-2
141.100	-2.925E-2
141.200	-2.784E-2
141.300	-2.787E-2
141.400	-2.516E-2
141.500	-2.835E-2
141.600	-2.892E-2
141.700	-3.038E-2
141.800	-2.830E-2
141.900	-2.895E-2
142.000	-2.898E-2
142.100	-2.980E-2
142.200	-3.494E-2
142.300	-3.452E-2
142.400	-3.555E-2
142.500	-3.080E-2
142.600	-2.952E-2
142.700	-2.848E-2
142.800	-2.757E-2
142.900	-2.837E-2
143.000	-3.273E-2
143.100	-3.771E-2
143.200	-3.670E-2
143.300	-4.118E-2
143.400	-4.186E-2
143.500	-4.079E-2
143.600	-4.191E-2
143.700	-4.349E-2
143.800	-4.271E-2
143.900	-4.286E-2
144.000	-4.296E-2
144.100	-4.441E-2
144.200	-4.438E-2
144.300	-4.459E-2
144.400	-4.343E-2
144.500	-4.149E-2
144.600	-4.239E-2
144.700	-4.419E-2
144.800	-4.655E-2
144.900	-4.735E-2
145.000	-4.475E-2
145.100	-4.733E-2
145.200	-4.999E-2
145.300	-5.251E-2
145.400	-5.034E-2
145.500	-4.976E-2
145.600	-4.543E-2
145.700	-4.142E-2
145.800	-4.452E-2
145.900	-4.434E-2
146.000	-4.528E-2
146.100	-4.677E-2
146.200	-4.620E-2
146.300	-4.671E-2
146.400	-4.808E-2
146.500	-4.795E-2
146.600	-5.020E-2
146.700	-4.961E-2
146.800	-4.912E-2
146.900	-5.272E-2
147.000	-5.197E-2
147.100	-5.243E-2
147.200	-4.943E-2
147.300	-4.848E-2
147.400	-4.720E-2
147.500	-4.508E-2
147.600	-4.467E-2
147.700	-4.380E-2
147.800	-4.151E-2
147.900	-3.971E-2
148.000	-3.916E-2
148.100	-3.894E-2
148.200	-3.420E-2
148.300	-3.484E-2
148.400	-3.806E-2
148.500	-4.003E-2
148.600	-4.223E-2
148.700	-4.266E-2
148.800	-4.452E-2
148.900	-4.053E-2
149.000	-4.000E-2
149.100	-4.008E-2
149.200	-4.030E-2
149.300	-3.933E-2
149.400	-4.006E-2
149.500	-4.029E-2
149.600	-3.797E-2
149.700	-3.667E-2
149.800	-3.836E-2
149.900	-3.865E-2
150.000	-3.718E-2
150.100	-3.553E-2
150.200	-3.341E-2
150.300	-3.225E-2
150.400	-3.188E-2
150.500	-3.277E-2
150.600	-3.387E-2
150.700	-3.322E-2
150.800	-3.429E-2
150.900	-3.762E-2
151.000	-3.572E-2
151.100	-3.462E-2
151.200	-3.485E-2
151.300	-3.992E-2
151.400	-3.979E-2
151.500	-4.071E-2
151.600	-3.985E-2
151.700	-3.717E-2
151.800	-3.462E-2
151.900	-3.328E-2
152.000	-3.539E-2
152.100	-3.427E-2
152.200	-3.345E-2
152.300	-3.241E-2
152.400	-3.433E-2
152.500	-3.312E-2
152.600	-3.367E-2
152.700	-3.537E-2
152.800	-3.633E-2
152.900	-3.605E-2
153.000	-3.952E-2
153.100	-4.002E-2
153.200	-4.427E-2
153.300	-4.528E-2
153.400	-4.598E-2
153.500	-4.517E-2
153.600	-4.687E-2
153.700	-4.902E-2
153.800	-4.861E-2
153.900	-4.948E-2
154.000	-4.992E-2
154.100	-5.172E-2
154.200	-5.419E-2
154.300	-5.251E-2
154.400	-5.297E-2
154.500	-5.350E-2
154.600	-5.654E-2
154.700	-5.781E-2
154.800	-5.869E-2
154.900	-6.124E-2
155.000	-6.267E-2
155.100	-6.473E-2
155.200	-6.123E-2
155.300	-6.086E-2
155.400	-6.201E-2
155.500	-6.223E-2
155.600	-6.243E-2
155.700	-6.386E-2
155.800	-6.065E-2
155.900	-5.954E-2
156.000	-5.711E-2
156.100	-5.556E-2
156.200	-5.465E-2
156.300	-5.718E-2
156.400	-5.671E-2
156.500	-5.784E-2
156.600	-5.759E-2
156.700	-5.728E-2
156.800	-5.210E-2
156.900	-5.215E-2
157.000	-5.228E-2
157.100	-5.271E-2
157.200	-5.196E-2
157.300	-5.198E-2
157.400	-5.029E-2
157.500	-4.521E-2
157.600	-4.527E-2
157.700	-4.469E-2
157.800	-4.287E-2
157.900	-4.072E-2
158.000	-3.849E-2
158.100	-3.424E-2
158.200	-3.413E-2
158.300	-3.200E-2
158.400	-2.978E-2
158.500	-2.969E-2
158.600	-2.875E-2
158.700	-2.779E-2
158.800	-2.751E-2
158.900	-2.728E-2
159.000	-3.067E-2
159.100	-3.113E-2
159.200	-3.089E-2
159.300	-2.839E-2
159.400	-2.734E-2
159.500	-2.677E-2
159.600	-2.837E-2
159.700	-2.968E-2
159.800	-2.800E-2
159.900	-2.577E-2
160.000	-3.108E-2
160.100	-2.997E-2
160.200	-3.287E-2
160.300	-3.258E-2
160.400	-3.605E-2
160.500	-3.565E-2
160.600	-3.673E-2
160.700	-4.038E-2
160.800	-4.037E-2
160.900	-4.092E-2
161.000	-4.247E-2
161.100	-4.168E-2
161.200	-3.859E-2
161.300	-3.927E-2
161.400	-4.021E-2
161.500	-4.121E-2
161.600	-4.408E-2
161.700	-4.067E-2
161.800	-3.920E-2
161.900	-4.045E-2
162.000	-4.242E-2
162.100	-4.065E-2
162.200	-4.404E-2
162.300	-4.405E-2
162.400	-4.539E-2
162.500	-4.393E-2
162.600	-4.093E-2
162.700	-4.388E-2
162.800	-4.471E-2
162.900	-4.398E-2
163.000	-4.279E-2
163.100	-4.359E-2
163.200	-4.618E-2
163.300	-4.744E-2
163.400	-4.400E-2
163.500	-4.693E-2
163.600	-4.602E-2
163.700	-4.891E-2
163.800	-5.083E-2
163.900	-5.504E-2
164.000	-5.336E-2
164.100	-5.077E-2
164.200	-5.393E-2
164.300	-5.292E-2
164.400	-5.206E-2
164.500	-5.170E-2
164.600	-4.797E-2
164.700	-4.492E-2
164.800	-4.514E-2
164.900	-4.616E-2
165.000	-4.828E-2
165.100	-4.944E-2
165.200	-4.761E-2
165.300	-4.764E-2
165.400	-4.798E-2
165.500	-4.486E-2
165.600	-4.520E-2
165.700	-4.306E-2
165.800	-3.871E-2
165.900	-4.020E-2
166.000	-3.962E-2
166.100	-4.009E-2
166.200	-4.025E-2
166.300	-3.890E-2
166.400	-3.960E-2
166.500	-3.898E-2
166.600	-3.979E-2
166.700	-4.269E-2
166.800	-4.041E-2
166.900	-4.119E-2
167.000	-4.557E-2
167.100	-5.021E-2
167.200	-5.000E-2
167.300	-4.768E-2
167.400	-4.557E-2
167.500	-4.700E-2
167.600	-4.687E-2
167.700	-4.790E-2
167.800	-4.778E-2
167.900	-4.578E-2
168.000	-4.624E-2
168.100	-4.850E-2
168.200	-4.619E-2
168.300	-5.041E-2
168.400	-5.053E-2
168.500	-4.913E-2
168.600	-4.730E-2
168.700	-4.971E-2
168.800	-5.006E-2
168.900	-4.598E-2
169.000	-4.525E-2
169.100	-4.250E-2
169.200	-4.292E-2
169.300	-4.436E-2
169.400	-4.438E-2
169.500	-4.666E-2
169.600	-5.011E-2
169.700	-5.127E-2
169.800	-4.758E-2
169.900	-4.689E-2
170.000	-5.398E-2
170.100	-5.506E-2
170.200	-5.675E-2
170.300	-5.417E-2
170.400	-5.467E-2
170.500	-5.642E-2
170.600	-5.418E-2
170.700	-4.827E-2
170.800	-4.988E-2
170.900	-5.384E-2
171.000	-5.112E-2
171.100	-5.221E-2
171.200	-5.173E-2
171.300	-5.389E-2
171.400	-5.443E-2
171.500	-5.678E-2
171.600	-5.775E-2
171.700	-5.663E-2
171.800	-5.220E-2
171.900	-5.246E-2
172.000	-5.003E-2
172.100	-5.102E-2
172.200	-4.875E-2
172.300	-4.799E-2
172.400	-4.789E-2
172.500	-4.760E-2
172.600	-4.781E-2
172.700	-4.837E-2
172.800	-4.746E-2
172.900	-4.600E-2
173.000	-4.318E-2
173.100	-4.527E-2
173.200	-4.388E-2
173.300	-4.218E-2
173.400	-4.132E-2
173.500	-4.216E-2
173.600	-4.127E-2
173.700	-3.912E-2
173.800	-4.274E-2
173.900	-4.482E-2
174.000	-4.572E-2
174.100	-4.777E-2
174.200	-4.842E-2
174.300	-4.794E-2
174.400	-4.405E-2
174.500	-4.105E-2
174.600	-4.197E-2
174.700	-4.360E-2
174.800	-4.321E-2
174.900	-4.249E-2
175.000	-4.356E-2
175.100	-4.456E-2
175.200	-4.040E-2
175.300	-3.995E-2
175.400	-3.791E-2
175.500	-3.877E-2
175.600	-3.988E-2
175.700	-3.837E-2
175.800	-3.883E-2
175.900	-3.813E-2
176.000	-3.998E-2
176.100	-3.917E-2
176.200	-3.612E-2
176.300	-3.408E-2
176.400	-3.480E-2
176.500	-3.146E-2
176.600	-3.077E-2
176.700	-3.266E-2
176.800	-2.910E-2
176.900	-3.381E-2
177.000	-3.715E-2
177.100	-3.773E-2
177.200	-3.775E-2
177.300	-3.704E-2
177.400	-3.952E-2
177.500	-3.590E-2
177.600	-3.512E-2
177.700	-3.359E-2
177.800	-3.338E-2
177.900	-3.001E-2
178.000	-2.718E-2
178.100	-2.810E-2
178.200	-2.518E-2
178.300	-2.263E-2
178.400	-2.226E-2
178.500	-2.079E-2
178.600	-2.373E-2
178.700	-2.457E-2
178.800	-2.470E-2
178.900	-2.396E-2
179.000	-2.665E-2
179.100	-2.689E-2
179.200	-2.748E-2
179.300	-2.760E-2
179.400	-2.740E-2
179.500	-2.990E-2
179.600	-3.274E-2
179.700	-3.396E-2
179.800	-3.353E-2
179.900	-3.423E-2
180.000	-3.382E-2
180.100	-3.377E-2
180.200	-3.084E-2
180.300	-2.857E-2
180.400	-2.782E-2
180.500	-2.884E-2
180.600	-2.887E-2
180.700	-2.463E-2
180.800	-2.672E-2
180.900	-2.378E-2
181.000	-1.994E-2
181.100	-2.081E-2
181.200	-2.023E-2
181.300	-2.016E-2
181.400	-2.490E-2
181.500	-2.346E-2
181.600	-2.322E-2
181.700	-2.778E-2
181.800	-2.772E-2
181.900	-2.668E-2
182.000	-2.925E-2
182.100	-2.872E-2
182.200	-2.591E-2
182.300	-2.340E-2
182.400	-2.643E-2
182.500	-2.733E-2
182.600	-2.569E-2
182.700	-2.683E-2
182.800	-2.677E-2
182.900	-2.789E-2
183.000	-2.850E-2
183.100	-2.975E-2
183.200	-2.977E-2
183.300	-2.842E-2
183.400	-2.627E-2
183.500	-2.112E-2
183.600	-2.024E-2
183.700	-2.168E-2
183.800	-1.888E-2
183.900	-1.686E-2
184.000	-1.709E-2
184.100	-1.630E-2
184.200	-1.714E-2
184.300	-1.736E-2
184.400	-1.903E-2
184.500	-2.105E-2
184.600	-1.737E-2
184.700	-1.742E-2
184.800	-1.857E-2
184.900	-1.561E-2
185.000	-1.670E-2
185.100	-1.481E-2
185.200	-1.446E-2
185.300	-1.406E-2
185.400	-1.631E-2
185.500	-1.430E-2
185.600	-1.764E-2
185.700	-1.663E-2
185.800	-1.299E-2
185.900	-1.213E-2
186.000	-1.140E-2
186.100	-8.495E-3
186.200	-9.006E-3
186.300	-9.154E-3
186.400	-1.214E-2
186.500	-9.912E-3
186.600	-1.036E-2
186.700	-1.286E-2
186.800	-1.119E-2
186.900	-1.052E-2
187.000	-8.541E-3
187.100	-8.785E-3
187.200	-6.132E-3
187.300	-5.695E-3
187.400	-4.408E-3
187.500	-5.810E-3
187.600	-7.901E-3
187.700	-6.644E-3
187.800	-1.161E-2
187.900	-9.079E-3
188.000	-6.126E-3
188.100	-6.055E-3
188.200	-6.993E-3
188.300	-6.849E-3
188.400	-9.301E-3
188.500	-1.038E-2
188.600	-1.077E-2
188.700	-1.117E-2
188.800	-1.178E-2
188.900	-8.532E-3
189.000	-6.635E-3
189.100	-7.085E-3
189.200	-8.611E-3
189.300	-4.567E-3
189.400	-5.190E-3
189.500	-3.335E-3
189.600	-1.299E-3
189.700	7.110E-4
189.800	2.905E-3
189.900	2.675E-3
190.000	7.521E-4
190.100	3.476E-3
190.200	4.852E-3
190.300	3.447E-3
190.400	6.600E-3
190.500	7.462E-3
190.600	9.308E-3
190.700	1.056E-2
190.800	9.353E-3
190.900	1.028E-2
191.000	1.120E-2
191.100	1.009E-2
191.200	7.980E-3
191.300	6.670E-3
191.400	6.862E-3
191.500	7.016E-3
191.600	1.062E-2
191.700	9.894E-3
191.800	9.227E-3
191.900	8.060E-3
192.000	9.173E-3
192.100	7.170E-3
192.200	6.741E-3
192.300	7.147E-3
192.400	8.317E-3
192.500	8.159E-3
192.600	8.540E-3
192.700	9.548E-3
192.800	8.341E-3
192.900	6.756E-3
193.000	7.746E-3
193.100	5.846E-3
193.200	7.717E-3
193.300	8.892E-3
193.400	9.807E-3
193.500	6.623E-3
193.600	7.595E-3
193.700	9.501E-3
193.800	1.382E-2
193.900	1.383E-2
194.000	1.500E-2
194.100	1.629E-2
194.200	1.637E-2
194.300	1.479E-2
194.400	1.436E-2
194.500	1.685E-2
194.600	1.614E-2
194.700	1.495E-2
194.800	1.559E-2
194.900	1.594E-2
195.000	1.446E-2
195.100	1.573E-2
195.200	1.658E-2
195.300	1.863E-2
195.400	2.105E-2
195.500	1.910E-2
195.600	1.710E-2
195.700	1.575E-2
195.800	1.619E-2
195.900	1.447E-2
196.000	1.655E-2
196.100	1.424E-2
196.200	1.808E-2
196.300	1.607E-2
196.400	1.521E-2
196.500	1.718E-2
196.600	1.603E-2
196.700	1.484E-2
196.800	1.588E-2
196.900	1.401E-2
197.000	1.410E-2
197.100	1.566E-2
197.200	1.349E-2
197.300	1.086E-2
197.400	1.220E-2
197.500	1.153E-2
197.600	1.094E-2
197.700	1.128E-2
197.800	1.170E-2
197.900	1.464E-2
198.000	1.244E-2
198.100	1.400E-2
198.200	1.394E-2
198.300	1.382E-2
198.400	1.517E-2
198.500	1.613E-2
198.600	1.683E-2
198.700	1.578E-2
198.800	1.884E-2
198.900	1.893E-2
199.000	1.788E-2
199.100	1.632E-2
199.200	1.268E-2
199.300	1.118E-2
199.400	1.073E-2
199.500	9.633E-3
199.600	8.109E-3
199.700	7.460E-3
199.800	1.066E-2
199.900	1.375E-2
200.000	1.535E-2
200.100	1.671E-2
200.200	1.982E-2
200.300	1.999E-2
200.400	2.066E-2
200.500	2.029E-2
200.600	1.939E-2
200.700	1.499E-2
200.800	1.546E-2
200.900	1.461E-2
201.000	1.566E-2
201.100	1.207E-2
201.200	1.283E-2
201.300	1.222E-2
201.400	1.370E-2
201.500	1.369E-2
201.600	1.158E-2
201.700	8.849E-3
201.800	1.007E-2
201.900	1.123E-2
202.000	1.393E-2
202.100	1.395E-2
202.200	1.834E-2
202.300	2.006E-2
202.400	1.905E-2
202.500	1.885E-2
202.600	2.021E-2
202.700	1.987E-2
202.800	1.787E-2
202.900	1.869E-2
203.000	1.885E-2
203.100	1.685E-2
203.200	1.775E-2
203.300	1.682E-2
203.400	1.767E-2
203.500	1.938E-2
203.600	2.260E-2
203.700	2.332E-2
203.800	2.502E-2
203.900	2.744E-2
204.000	2.768E-2
204.100	2.387E-2
204.200	2.114E-2
204.300	1.645E-2
204.400	1.735E-2
204.500	2.198E-2
204.600	2.435E-2
204.700	2.631E-2
204.800	2.783E-2
204.900	2.735E-2
205.000	3.101E-2
205.100	3.014E-2
205.200	3.087E-2
205.300	3.275E-2
205.400	3.336E-2
205.500	3.305E-2
205.600	3.327E-2
205.700	3.563E-2
205.800	3.561E-2
205.900	4.038E-2
206.000	3.689E-2
206.100	3.942E-2
206.200	3.811E-2
206.300	3.833E-2
206.400	3.637E-2
206.500	3.749E-2
206.600	3.656E-2
206.700	3.851E-2
206.800	3.761E-2
206.900	3.929E-2
207.000	3.966E-2
207.100	4.069E-2
207.200	4.012E-2
207.300	4.042E-2
207.400	4.119E-2
207.500	4.188E-2
207.600	4.125E-2
207.700	4.107E-2
207.800	4.233E-2
207.900	4.326E-2
208.000	4.346E-2
208.100	4.337E-2
208.200	4.062E-2
208.300	4.136E-2
208.400	4.093E-2
208.500	4.120E-2
208.600	4.386E-2
208.700	4.369E-2
208.800	4.588E-2
208.900	5.192E-2
209.000	5.303E-2
209.100	5.282E-2
209.200	5.623E-2
209.300	6.250E-2
209.400	6.327E-2
209.500	6.064E-2
209.600	6.008E-2
209.700	6.005E-2
209.800	5.960E-2
209.900	5.610E-2
210.000	5.954E-2
210.100	5.752E-2
210.200	5.703E-2
210.300	5.614E-2
210.400	5.734E-2
210.500	5.217E-2
210.600	4.961E-2
210.700	4.879E-2
210.800	4.911E-2
210.900	5.067E-2
211.000	5.067E-2
211.100	5.200E-2
211.200	5.119E-2
211.300	5.126E-2
211.400	5.511E-2
211.500	5.802E-2
211.600	5.732E-2
211.700	6.000E-2
211.800	6.061E-2
211.900	5.749E-2
212.000	5.625E-2
212.100	5.726E-2
212.200	5.885E-2
212.300	5.973E-2
212.400	5.580E-2
212.500	5.583E-2
212.600	5.730E-2
212.700	5.484E-2
212.800	5.317E-2
212.900	5.464E-2
213.000	5.364E-2
213.100	5.203E-2
213.200	5.186E-2
213.300	5.304E-2
213.400	5.399E-2
213.500	5.384E-2
213.600	5.640E-2
213.700	5.662E-2
213.800	5.637E-2
213.900	5.679E-2
214.000	5.618E-2
214.100	5.620E-2
214.200	5.474E-2
214.300	5.546E-2
214.400	5.467E-2
214.500	5.443E-2
214.600	5.383E-2
214.700	5.360E-2
214.800	5.108E-2
214.900	5.191E-2
215.000	5.603E-2
215.100	5.100E-2
215.200	4.959E-2
215.300	4.727E-2
215.400	4.680E-2
215.500	4.463E-2
215.600	3.958E-2
215.700	4.082E-2
215.800	3.708E-2
215.900	3.732E-2
216.000	3.697E-2
216.100	3.797E-2
216.200	3.626E-2
216.300	3.749E-2
216.400	3.647E-2
216.500	3.660E-2
216.600	3.930E-2
216.700	4.046E-2
216.800	4.293E-2
216.900	4.590E-2
217.000	4.817E-2
217.100	4.836E-2
217.200	4.580E-2
217.300	4.242E-2
217.400	4.076E-2
217.500	3.792E-2
217.600	3.183E-2
217.700	3.063E-2
217.800	2.821E-2
217.900	2.872E-2
218.000	2.877E-2
218.100	2.918E-2
218.200	2.921E-2
218.300	2.883E-2
218.400	2.763E-2
218.500	2.814E-2
218.600	2.455E-2
218.700	2.326E-2
218.800	2.167E-2
218.900	2.206E-2
219.000	1.749E-2
219.100	1.793E-2
219.200	1.998E-2
219.300	2.333E-2
219.400	2.252E-2
219.500	1.955E-2
219.600	1.843E-2
219.700	1.796E-2
219.800	1.926E-2
219.900	2.062E-2
220.000	2.222E-2
220.100	2.056E-2
220.200	2.001E-2
220.300	1.937E-2
220.400	1.830E-2
220.500	1.701E-2
220.600	1.672E-2
220.700	1.878E-2
220.800	1.562E-2
220.900	1.871E-2
221.000	1.670E-2
221.100	1.573E-2
221.200	1.598E-2
221.300	1.664E-2
221.400	1.601E-2
221.500	1.805E-2
221.600	1.649E-2
221.700	1.922E-2
221.800	1.722E-2
221.900	1.781E-2
222.000	2.257E-2
222.100	2.349E-2
222.200	2.567E-2
222.300	2.686E-2
222.400	2.792E-2
222.500	2.817E-2
222.600	3.197E-2
222.700	3.076E-2
222.800	2.810E-2
222.900	2.785E-2
223.000	2.947E-2
223.100	3.197E-2
223.200	2.981E-2
223.300	2.822E-2
223.400	2.764E-2
223.500	2.614E-2
223.600	2.641E-2
223.700	2.806E-2
223.800	2.590E-2
223.900	2.605E-2
224.000	3.014E-2
224.100	2.958E-2
224.200	3.192E-2
224.300	3.127E-2
224.400	2.742E-2
224.500	2.786E-2
224.600	3.266E-2
224.700	3.222E-2
224.800	3.168E-2
224.900	3.414E-2
225.000	3.294E-2
225.100	3.243E-2
225.200	3.471E-2
225.300	3.758E-2
225.400	3.740E-2
225.500	3.415E-2
225.600	3.758E-2
225.700	3.553E-2
225.800	3.209E-2
225.900	2.680E-2
226.000	2.587E-2
226.100	2.604E-2
226.200	2.906E-2
226.300	2.932E-2
226.400	3.157E-2
226.500	2.926E-2
226.600	2.928E-2
226.700	3.286E-2
226.800	3.501E-2
226.900	3.424E-2
227.000	3.209E-2
227.100	3.353E-2
227.200	3.513E-2
227.300	3.464E-2
227.400	3.111E-2
227.500	2.993E-2
227.600	2.875E-2
227.700	2.961E-2
227.800	2.911E-2
227.900	2.812E-2
228.000	2.516E-2
228.100	2.457E-2
228.200	2.687E-2
228.300	2.459E-2
228.400	2.324E-2
228.500	2.559E-2
228.600	2.686E-2
228.700	2.578E-2
228.800	2.584E-2
228.900	2.585E-2
229.000	2.481E-2
229.100	2.468E-2
229.200	2.451E-2
229.300	2.822E-2
229.400	2.733E-2
229.500	2.690E-2
229.600	2.486E-2
229.700	2.562E-2
229.800	2.335E-2
229.900	2.462E-2
230.000	2.328E-2
230.100	2.057E-2
230.200	1.901E-2
230.300	1.814E-2
230.400	2.080E-2
230.500	2.607E-2
230.600	2.733E-2
230.700	2.547E-2
230.800	2.717E-2
230.900	2.481E-2
231.000	2.219E-2
231.100	2.262E-2
231.200	2.011E-2
231.300	2.042E-2
231.400	2.315E-2
231.500	2.739E-2
231.600	2.684E-2
231.700	2.534E-2
231.800	2.235E-2
231.900	2.227E-2
232.000	1.971E-2
232.100	2.155E-2
232.200	2.384E-2
232.300	2.627E-2
232.400	2.750E-2
232.500	2.837E-2
232.600	2.884E-2
232.700	2.677E-2
232.800	2.446E-2
232.900	2.862E-2
233.000	2.644E-2
233.100	2.231E-2
233.200	2.243E-2
233.300	2.576E-2
233.400	2.230E-2
233.500	2.462E-2
233.600	2.583E-2
233.700	2.598E-2
233.800	2.538E-2
233.900	2.297E-2
234.000	1.988E-2
234.100	1.951E-2
234.200	2.014E-2
234.300	1.874E-2
234.400	1.612E-2
234.500	1.694E-2
234.600	1.691E-2
234.700	1.483E-2
234.800	1.264E-2
234.900	1.316E-2
235.000	9.110E-3
235.100	9.892E-3
235.200	1.010E-2
235.300	1.383E-2
235.400	1.270E-2
235.500	1.405E-2
235.600	1.855E-2
235.700	1.843E-2
235.800	1.921E-2
235.900	1.791E-2
236.000	1.827E-2
236.100	1.718E-2
236.200	2.255E-2
236.300	2.437E-2
236.400	2.436E-2
236.500	2.401E-2
236.600	2.269E-2
236.700	2.759E-2
236.800	2.735E-2
236.900	2.676E-2
237.000	2.781E-2
237.100	2.753E-2
237.200	2.637E-2
237.300	2.280E-2
237.400	2.152E-2
237.500	2.551E-2
237.600	2.611E-2
237.700	3.085E-2
237.800	2.903E-2
237.900	3.294E-2
238.000	3.099E-2
238.100	3.081E-2
238.200	2.910E-2
238.300	3.171E-2
238.400	3.230E-2
238.500	3.480E-2
238.600	3.404E-2
238.700	3.837E-2
238.800	3.674E-2
238.900	3.868E-2
239.000	4.315E-2
239.100	4.289E-2
239.200	4.494E-2
239.300	4.580E-2
239.400	4.633E-2
239.500	4.587E-2
239.600	4.510E-2
239.700	4.316E-2
239.800	4.305E-2
239.900	4.377E-2
240.000	4.636E-2
240.100	4.646E-2
240.200	4.725E-2
240.300	4.715E-2
240.400	4.418E-2
240.500	4.384E-2
240.600	4.345E-2
240.700	4.249E-2
240.800	4.608E-2
240.900	4.302E-2
241.000	4.356E-2
241.100	4.333E-2
241.200	4.189E-2
241.300	4.447E-2
241.400	4.415E-2
241.500	4.301E-2
241.600	4.181E-2
241.700	4.323E-2
241.800	4.401E-2
241.900	4.476E-2
242.000	4.253E-2
242.100	4.005E-2
242.200	3.906E-2
242.300	3.874E-2
242.400	3.959E-2
242.500	3.874E-2
242.600	3.595E-2
242.700	3.545E-2
242.800	3.713E-2
242.900	3.935E-2
243.000	4.257E-2
243.100	4.342E-2
243.200	4.350E-2
243.300	4.592E-2
243.400	4.470E-2
243.500	4.401E-2
243.600	4.039E-2
243.700	4.157E-2
243.800	4.285E-2
243.900	4.475E-2
244.000	4.632E-2
244.100	4.815E-2
244.200	4.598E-2
244.300	4.408E-2
244.400	4.454E-2
244.500	4.642E-2
244.600	4.352E-2
244.700	4.187E-2
244.800	4.191E-2
244.900	4.280E-2
245.000	4.335E-2
245.100	4.198E-2
245.200	4.051E-2
245.300	4.436E-2
245.400	4.405E-2
245.500	3.945E-2
245.600	4.044E-2
245.700	4.067E-2
245.800	3.812E-2
245.900	3.549E-2
246.000	3.468E-2
246.100	3.391E-2
246.200	3.270E-2
246.300	3.000E-2
246.400	3.002E-2
246.500	3.045E-2
246.600	3.005E-2
246.700	3.461E-2
246.800	3.477E-2
246.900	3.264E-2
247.000	3.212E-2
247.100	3.094E-2
247.200	3.106E-2
247.300	3.071E-2
247.400	3.099E-2
247.500	3.155E-2
247.600	3.094E-2
247.700	3.066E-2
247.800	3.234E-2
247.900	3.252E-2
248.000	3.132E-2
248.100	3.232E-2
248.200	3.592E-2
248.300	3.240E-2
248.400	3.176E-2
248.500	3.426E-2
248.600	3.473E-2
248.700	3.599E-2
248.800	3.884E-2
248.900	3.905E-2
249.000	3.856E-2
249.100	4.152E-2
249.200	4.100E-2
249.300	3.995E-2
249.400	3.758E-2
249.500	3.549E-2
249.600	3.392E-2
249.700	3.021E-2
249.800	2.637E-2
249.900	2.686E-2
250.000	2.573E-2
250.100	2.300E-2
250.200	2.283E-2
250.300	2.471E-2
250.400	2.837E-2
250.500	2.844E-2
250.600	2.737E-2
250.700	2.912E-2
250.800	3.116E-2
250.900	3.182E-2
251.000	3.022E-2
251.100	3.116E-2
251.200	3.010E-2
251.300	3.227E-2
251.400	3.345E-2
251.500	3.500E-2
251.600	3.803E-2
251.700	3.854E-2
251.800	3.829E-2
251.900	3.787E-2
252.000	3.897E-2
252.100	3.836E-2
252.200	3.800E-2
252.300	3.695E-2
252.400	3.849E-2
252.500	3.797E-2
252.600	3.891E-2
252.700	3.703E-2
252.800	3.510E-2
252.900	3.417E-2
253.000	3.163E-2
253.100	2.880E-2
253.200	2.936E-2
253.300	3.406E-2
253.400	3.765E-2
253.500	3.832E-2
253.600	3.539E-2
253.700	3.523E-2
253.800	3.612E-2
253.900	3.578E-2
254.000	3.811E-2
254.100	3.886E-2
254.200	3.862E-2
254.300	3.936E-2
254.400	3.762E-2
254.500	3.871E-2
254.600	3.888E-2
254.700	3.828E-2
254.800	3.789E-2
254.900	3.577E-2
255.000	3.830E-2
255.100	4.030E-2
255.200	3.899E-2
255.300	3.861E-2
255.400	3.641E-2
255.500	3.605E-2
255.600	3.605E-2
255.700	3.522E-2
255.800	3.432E-2
255.900	3.332E-2
256.000	3.342E-2
256.100	3.651E-2
256.200	3.933E-2
256.300	3.803E-2
256.400	3.725E-2
256.500	3.536E-2
256.600	3.331E-2
256.700	3.173E-2
256.800	3.150E-2
256.900	3.309E-2
257.000	3.040E-2
257.100	3.046E-2
257.200	3.145E-2
257.300	3.446E-2
257.400	3.348E-2
257.500	3.242E-2
257.600	3.056E-2
257.700	3.183E-2
257.800	3.352E-2
257.900	3.493E-2
258.000	3.489E-2
258.100	2.968E-2
258.200	2.906E-2
258.300	2.648E-2
258.400	2.584E-2
258.500	2.295E-2
258.600	2.421E-2
258.700	2.322E-2
258.800	2.130E-2
258.900	2.165E-2
259.000	1.989E-2
259.100	1.974E-2
259.200	2.043E-2
259.300	2.168E-2
259.400	2.085E-2
259.500	2.137E-2
259.600	2.280E-2
259.700	2.488E-2
259.800	2.549E-2
259.900	2.662E-2
260.000	2.745E-2
260.100	2.558E-2
260.200	2.294E-2
260.300	2.002E-2
260.400	1.754E-2
260.500	1.956E-2
260.600	2.130E-2
260.700	1.908E-2
260.800	1.863E-2
260.900	1.542E-2
261.000	1.679E-2
261.100	2.036E-2
261.200	1.896E-2
261.300	2.068E-2
261.400	2.214E-2
261.500	2.346E-2
261.600	2.242E-2
261.700	2.016E-2
261.800	2.012E-2
261.900	1.874E-2
262.000	1.919E-2
262.100	1.672E-2
262.200	1.935E-2
262.300	2.232E-2
262.400	2.390E-2
262.500	2.453E-2
262.600	2.913E-2
262.700	2.868E-2
262.800	2.919E-2
262.900	3.017E-2
263.000	3.024E-2
263.100	3.455E-2
263.200	3.626E-2
263.300	3.740E-2
263.400	3.607E-2
263.500	3.516E-2
263.600	3.604E-2
263.700	3.732E-2
263.800	3.575E-2
263.900	3.674E-2
264.000	3.702E-2
264.100	3.937E-2
264.200	3.613E-2
264.300	3.359E-2
264.400	3.526E-2
264.500	3.377E-2
264.600	3.505E-2
264.700	3.627E-2
264.800	3.554E-2
264.900	3.907E-2
265.000	3.673E-2
265.100	3.566E-2
265.200	3.955E-2
265.300	4.263E-2
265.400	4.096E-2
265.500	4.280E-2
265.600	4.658E-2
265.700	4.806E-2
265.800	5.007E-2
265.900	4.970E-2
266.000	4.890E-2
266.100	5.215E-2
266.200	5.271E-2
266.300	5.464E-2
266.400	5.417E-2
266.500	5.413E-2
266.600	5.543E-2
266.700	5.237E-2
266.800	5.617E-2
266.900	5.491E-2
267.000	5.397E-2
267.100	5.346E-2
267.200	5.447E-2
267.300	5.175E-2
267.400	4.839E-2
267.500	4.802E-2
267.600	4.645E-2
267.700	4.272E-2
267.800	4.325E-2
267.900	4.160E-2
268.000	4.239E-2
268.100	3.722E-2
268.200	3.831E-2
268.300	3.944E-2
268.400	3.997E-2
268.500	4.314E-2
268.600	4.080E-2
268.700	4.353E-2
268.800	4.139E-2
268.900	4.450E-2
269.000	4.409E-2
269.100	4.612E-2
269.200	4.644E-2
269.300	4.498E-2
269.400	4.324E-2
269.500	4.399E-2
269.600	4.557E-2
269.700	4.550E-2
269.800	4.513E-2
269.900	4.775E-2
270.000	5.067E-2
270.100	4.729E-2
270.200	4.585E-2
270.300	4.622E-2
270.400	4.369E-2
270.500	4.294E-2
270.600	4.644E-2
270.700	4.679E-2
270.800	4.657E-2
270.900	4.440E-2
271.000	4.448E-2
271.100	4.306E-2
271.200	4.455E-2
271.300	4.327E-2
271.400	4.544E-2
271.500	4.360E-2
271.600	4.469E-2
271.700	4.495E-2
271.800	4.416E-2
271.900	4.158E-2
272.000	4.311E-2
272.100	4.566E-2
272.200	4.889E-2
272.300	4.733E-2
272.400	4.632E-2
272.500	4.487E-2
272.600	4.752E-2
272.700	4.832E-2
272.800	4.976E-2
272.900	4.903E-2
273.000	4.890E-2
273.100	4.683E-2
273.200	4.756E-2
273.300	4.348E-2
273.400	4.717E-2
273.500	4.829E-2
273.600	4.902E-2
273.700	4.816E-2
273.800	5.541E-2
273.900	5.574E-2
274.000	5.753E-2
274.100	5.684E-2
274.200	5.379E-2
274.300	5.552E-2
274.400	5.666E-2
274.500	5.106E-2
274.600	5.334E-2
274.700	5.669E-2
274.800	5.678E-2
274.900	5.321E-2
275.000	5.088E-2
275.100	5.174E-2
275.200	5.394E-2
275.300	5.426E-2
275.400	5.600E-2
275.500	5.865E-2
275.600	5.634E-2
275.700	5.815E-2
275.800	5.638E-2
275.900	5.497E-2
276.000	5.258E-2
276.100	5.336E-2
276.200	5.352E-2
276.300	5.392E-2
276.400	5.205E-2
276.500	5.062E-2
276.600	4.986E-2
276.700	4.584E-2
276.800	4.886E-2
276.900	4.906E-2
277.000	4.618E-2
277.100	4.459E-2
277.200	4.471E-2
277.300	4.409E-2
277.400	4.341E-2
277.500	4.188E-2
277.600	4.328E-2
277.700	4.514E-2
277.800	4.545E-2
277.900	4.745E-2
278.000	4.641E-2
278.100	4.635E-2
278.200	4.796E-2
278.300	4.784E-2
278.400	4.754E-2
278.500	4.936E-2
278.600	5.089E-2
278.700	5.363E-2
278.800	5.389E-2
278.900	5.282E-2
279.000	4.980E-2
279.100	4.947E-2
279.200	5.080E-2
279.300	4.871E-2
279.400	4.812E-2
279.500	4.968E-2
279.600	4.767E-2
279.700	4.862E-2
279.800	4.650E-2
279.900	4.585E-2
280.000	4.688E-2
280.100	4.674E-2
280.200	4.279E-2
280.300	4.546E-2
280.400	4.734E-2
280.500	5.234E-2
280.600	5.407E-2
280.700	5.039E-2
280.800	5.177E-2
280.900	4.883E-2
281.000	4.562E-2
281.100	4.511E-2
281.200	4.352E-2
281.300	4.168E-2
281.400	4.147E-2
281.500	4.048E-2
281.600	3.923E-2
281.700	3.973E-2
281.800	3.838E-2
281.900	3.489E-2
282.000	3.466E-2
282.100	3.094E-2
282.200	2.898E-2
282.300	2.927E-2
282.400	2.588E-2
282.500	2.588E-2
282.600	2.575E-2
282.700	2.263E-2
282.800	2.459E-2
282.900	2.503E-2
283.000	2.598E-2
283.100	2.794E-2
283.200	2.467E-2
283.300	2.004E-2
283.400	1.863E-2
283.500	2.097E-2
283.600	2.279E-2
283.700	2.363E-2
283.800	2.414E-2
283.900	2.671E-2
284.000	2.664E-2
284.100	2.481E-2
284.200	2.583E-2
284.300	2.715E-2
284.400	2.501E-2
284.500	2.365E-2
284.600	2.204E-2
284.700	2.487E-2
284.800	2.191E-2
284.900	2.125E-2
285.000	2.118E-2
285.100	2.169E-2
285.200	2.246E-2
285.300	2.557E-2
285.400	2.759E-2
285.500	2.913E-2
285.600	2.892E-2
285.700	3.091E-2
285.800	3.173E-2
285.900	3.157E-2
286.000	2.701E-2
286.100	2.610E-2
286.200	2.834E-2
286.300	2.690E-2
286.400	2.780E-2
286.500	2.518E-2
286.600	2.473E-2
286.700	2.060E-2
286.800	1.957E-2
286.900	2.113E-2
287.000	1.847E-2
287.100	2.007E-2
287.200	2.262E-2
287.300	2.287E-2
287.400	2.454E-2
287.500	2.926E-2
287.600	2.877E-2
287.700	2.501E-2
287.800	2.245E-2
287.900	2.121E-2
288.000	1.960E-2
288.100	2.109E-2
288.200	1.889E-2
288.300	1.912E-2
288.400	2.033E-2
288.500	1.996E-2
288.600	2.039E-2
288.700	1.910E-2
288.800	1.970E-2
288.900	1.764E-2
289.000	1.820E-2
289.100	2.011E-2
289.200	1.958E-2
289.300	1.817E-2
289.400	1.596E-2
289.500	1.239E-2
289.600	1.274E-2
289.700	1.035E-2
289.800	9.020E-3
289.900	1.026E-2
290.000	9.106E-3
290.100	8.326E-3
290.200	8.343E-3
290.300	7.144E-3
290.400	5.124E-3
290.500	2.986E-3
290.600	4.979E-4
290.700	1.735E-3
290.800	1.209E-3
290.900	2.885E-4
291.000	-2.110E-3
291.100	-1.622E-3
291.200	-2.993E-3
291.300	-3.717E-3
291.400	-5.323E-3
291.500	-6.728E-3
291.600	-7.472E-3
291.700	-5.179E-3
291.800	-4.542E-3
291.900	-1.877E-3
292.000	-5.052E-3
292.100	-4.309E-3
292.200	-4.194E-3
292.300	-2.676E-3
292.400	-2.681E-3
292.500	-3.964E-4
292.600	-1.042E-3
292.700	-1.576E-3
292.800	-5.351E-4
292.900	7.863E-5
293.000	-1.859E-3
293.100	-2.426E-3
293.200	3.202E-3
293.300	3.573E-3
293.400	3.244E-3
293.500	3.509E-3
293.600	-7.585E-4
293.700	-1.386E-3
293.800	-3.667E-3
293.900	-6.500E-3
294.000	-6.809E-3
294.100	-5.828E-3
294.200	-7.853E-3
294.300	-8.200E-3
294.400	-5.644E-3
294.500	-5.950E-3
294.600	-8.812E-3
294.700	-1.163E-2
294.800	-1.407E-2
294.900	-1.431E-2
295.000	-1.686E-2
295.100	-1.585E-2
295.200	-1.478E-2
295.300	-1.367E-2
295.400	-1.619E-2
295.500	-1.785E-2
295.600	-2.105E-2
295.700	-1.916E-2
295.800	-1.567E-2
295.900	-1.555E-2
296.000	-1.948E-2
296.100	-1.874E-2
296.200	-2.215E-2
296.300	-2.236E-2
296.400	-2.246E-2
296.500	-2.313E-2
296.600	-2.442E-2
296.700	-2.491E-2
296.800	-2.838E-2
296.900	-2.707E-2
297.000	-2.901E-2
297.100	-2.786E-2
297.200	-2.480E-2
297.300	-2.413E-2
297.400	-2.541E-2
297.500	-2.527E-2
297.600	-1.911E-2
297.700	-2.062E-2
297.800	-1.945E-2
297.900	-1.852E-2
298.000	-1.726E-2
298.100	-1.847E-2
298.200	-1.739E-2
298.300	-1.781E-2
298.400	-1.365E-2
298.500	-1.657E-2
298.600	-1.759E-2
298.700	-1.554E-2
298.800	-1.544E-2
298.900	-1.539E-2
299.000	-1.350E-2
299.100	-9.315E-3
299.200	-9.482E-3
299.300	-7.904E-3
299.400	-7.428E-3
299.500	-7.838E-3
299.600	-1.147E-2
299.700	-1.173E-2
299.800	-1.376E-2
299.900	-1.153E-2
300.000	-1.252E-2
300.100	-1.470E-2
300.200	-1.620E-2
300.300	-1.584E-2
300.400	-1.623E-2
300.500	-1.234E-2
300.600	-1.364E-2
300.700	-1.546E-2
300.800	-1.861E-2
300.900	-1.806E-2
301.000	-1.710E-2
301.100	-1.843E-2
301.200	-1.510E-2
301.300	-1.442E-2
301.400	-1.226E-2
301.500	-1.033E-2
301.600	-7.555E-3
301.700	-9.511E-3
301.800	-9.975E-3
301.900	-8.947E-3
302.000	-1.215E-2
302.100	-1.533E-2
302.200	-1.857E-2
302.300	-2.052E-2
302.400	-2.121E-2
302.500	-2.102E-2
302.600	-2.285E-2
302.700	-2.246E-2
302.800	-1.671E-2
302.900	-1.518E-2
303.000	-1.669E-2
303.100	-1.867E-2
303.200	-2.084E-2
303.300	-1.826E-2
303.400	-1.721E-2
303.500	-1.779E-2
303.600	-1.809E-2
303.700	-1.504E-2
303.800	-1.611E-2
303.900	-1.707E-2
304.000	-1.790E-2
304.100	-1.715E-2
304.200	-1.644E-2
304.300	-1.608E-2
304.400	-1.631E-2
304.500	-1.609E-2
304.600	-1.718E-2
304.700	-1.544E-2
304.800	-1.600E-2
304.900	-1.144E-2
305.000	-1.313E-2
305.100	-1.497E-2
305.200	-1.627E-2
305.300	-1.441E-2
305.400	-1.584E-2
305.500	-1.756E-2
305.600	-2.144E-2
305.700	-1.887E-2
305.800	-1.735E-2
305.900	-1.594E-2
306.000	-1.426E-2
306.100	-1.275E-2
306.200	-1.612E-2
306.300	-1.661E-2
306.400	-1.555E-2
306.500	-1.608E-2
306.600	-1.635E-2
306.700	-1.545E-2
306.800	-1.696E-2
306.900	-1.925E-2
307.000	-2.009E-2
307.100	-1.702E-2
307.200	-1.476E-2
307.300	-1.350E-2
307.400	-1.453E-2
307.500	-1.562E-2
307.600	-1.177E-2
307.700	-9.801E-3
307.800	-8.668E-3
307.900	-1.296E-2
308.000	-1.267E-2
308.100	-1.221E-2
308.200	-1.075E-2
308.300	-1.311E-2
308.400	-1.259E-2
308.500	-1.381E-2
308.600	-1.260E-2
308.700	-1.236E-2
308.800	-1.622E-2
308.900	-1.434E-2
309.000	-1.310E-2
309.100	-1.277E-2
309.200	-1.270E-2
309.300	-1.426E-2
309.400	-1.405E-2
309.500	-1.372E-2
309.600	-1.830E-2
309.700	-1.995E-2
309.800	-1.688E-2
309.900	-1.703E-2
310.000	-2.291E-2
310.100	-2.576E-2
310.200	-2.509E-2
310.300	-2.279E-2
310.400	-2.451E-2
310.500	-2.343E-2
310.600	-1.873E-2
310.700	-1.776E-2
310.800	-1.764E-2
310.900	-1.700E-2
311.000	-1.763E-2
311.100	-1.706E-2
311.200	-1.703E-2
311.300	-1.771E-2
311.400	-1.929E-2
311.500	-1.983E-2
311.600	-2.407E-2
311.700	-2.251E-2
311.800	-2.213E-2
311.900	-2.055E-2
312.000	-2.166E-2
312.100	-2.190E-2
312.200	-2.117E-2
312.300	-1.949E-2
312.400	-1.961E-2
312.500	-1.842E-2
312.600	-1.638E-2
312.700	-1.705E-2
312.800	-1.520E-2
312.900	-1.302E-2
313.000	-1.105E-2
313.100	-7.051E-3
313.200	-1.062E-2
313.300	-9.169E-3
313.400	-8.998E-3
313.500	-7.685E-3
313.600	-7.646E-3
313.700	-7.932E-3
313.800	-7.193E-3
313.900	-3.961E-3
314.000	-5.728E-3
314.100	-5.355E-3
314.200	-7.131E-3
314.300	-6.587E-3
314.400	-7.855E-3
314.500	-9.440E-3
314.600	-9.167E-3
314.700	-7.908E-3
314.800	-9.538E-3
314.900	-8.760E-3
315.000	-5.472E-3
315.100	-6.867E-3
315.200	-1.186E-2
315.300	-1.347E-2
315.400	-1.266E-2
315.500	-1.246E-2
315.600	-1.396E-2
315.700	-1.519E-2
315.800	-1.764E-2
315.900	-1.737E-2
316.000	-1.809E-2
316.100	-2.078E-2
316.200	-2.091E-2
316.300	-2.009E-2
316.400	-2.061E-2
316.500	-2.182E-2
316.600	-2.370E-2
316.700	-2.190E-2
316.800	-2.218E-2
316.900	-2.271E-2
317.000	-2.044E-2
317.100	-1.899E-2
317.200	-1.666E-2
317.300	-1.272E-2
317.400	-1.397E-2
317.500	-1.220E-2
317.600	-1.233E-2
317.700	-1.054E-2
317.800	-1.087E-2
317.900	-7.959E-3
318.000	-8.079E-3
318.100	-7.630E-3
318.200	-6.430E-3
318.300	-6.719E-3
318.400	-7.434E-3
318.500	-8.927E-3
318.600	-9.896E-3
318.700	-9.066E-3
318.800	-8.887E-3
318.900	-7.674E-3
319.000	-9.046E-3
319.100	-6.104E-3
319.200	-8.927E-3
319.300	-6.297E-3
319.400	-4.083E-3
319.500	-3.750E-3
319.600	-4.074E-3
319.700	-4.411E-3
319.800	-3.653E-3
319.900	-4.340E-3
320.000	-5.605E-3
320.100	-7.567E-3
320.200	-8.769E-3
320.300	-7.432E-3
320.400	-8.514E-3
320.500	-9.501E-3
320.600	-6.521E-3
320.700	-8.083E-3
320.800	-7.364E-3
320.900	-9.205E-3
321.000	-1.090E-2
321.100	-1.086E-2
321.200	-1.223E-2
321.300	-1.084E-2
321.400	-1.062E-2
321.500	-7.887E-3
321.600	-9.006E-3
321.700	-7.428E-3
321.800	-7.516E-3
321.900	-6.055E-3
322.000	-3.275E-3
322.100	-6.524E-3
322.200	-7.358E-3
322.300	-5.212E-3
322.400	-5.553E-3
322.500	-6.626E-3
322.600	-5.713E-3
322.700	-3.308E-3
322.800	-4.707E-3
322.900	-6.132E-3
323.000	-7.789E-3
323.100	-6.774E-3
323.200	-4.559E-3
323.300	-7.883E-3
323.400	-7.238E-3
323.500	-7.944E-3
323.600	-5.865E-3
323.700	-8.074E-4
323.800	-2.162E-3
323.900	-3.943E-3
324.000	-3.384E-3
324.100	-7.324E-5
324.200	6.003E-3
324.300	4.679E-3
324.400	3.451E-3
324.500	1.176E-3
324.600	2.586E-3
324.700	4.861E-3
324.800	5.155E-3
324.900	3.651E-3
325.000	4.051E-4
325.100	2.535E-3
325.200	3.144E-3
325.300	4.429E-4
325.400	6.177E-3
325.500	7.772E-3
325.600	9.265E-3
325.700	8.899E-3
325.800	1.086E-2
325.900	1.214E-2
326.000	1.530E-2
326.100	1.275E-2
326.200	1.376E-2
326.300	1.266E-2
326.400	1.132E-2
326.500	1.111E-2
326.600	1.120E-2
326.700	1.680E-2
326.800	1.620E-2
326.900	1.358E-2
327.000	1.215E-2
327.100	1.564E-2
327.200	1.757E-2
327.300	1.803E-2
327.400	1.853E-2
327.500	1.721E-2
327.600	1.553E-2
327.700	1.557E-2
327.800	1.593E-2
327.900	1.546E-2
328.000	1.639E-2
328.100	2.037E-2
328.200	1.570E-2
328.300	1.855E-2
328.400	1.793E-2
328.500	1.643E-2
328.600	1.707E-2
328.700	1.883E-2
328.800	1.754E-2
328.900	1.546E-2
329.000	1.456E-2
329.100	1.470E-2
329.200	1.204E-2
329.300	1.188E-2
329.400	1.309E-2
329.500	1.243E-2
329.600	1.284E-2
329.700	1.459E-2
329.800	1.497E-2
329.900	1.573E-2
330.000	1.267E-2
330.100	1.167E-2
330.200	1.295E-2
330.300	1.292E-2
330.400	1.372E-2
330.500	1.512E-2
330.600	1.484E-2
330.700	1.608E-2
330.800	1.547E-2
330.900	1.463E-2
331.000	1.374E-2
331.100	1.249E-2
331.200	1.222E-2
331.300	1.201E-2
331.400	1.050E-2
331.500	1.249E-2
331.600	9.500E-3
331.700	1.151E-2
331.800	1.150E-2
331.900	1.224E-2
332.000	1.130E-2
332.100	8.720E-3
332.200	4.990E-3
332.300	9.394E-3
332.400	1.094E-2
332.500	1.044E-2
332.600	1.025E-2
332.700	9.828E-3
332.800	7.613E-3
332.900	6.198E-3
333.000	5.236E-3
333.100	9.310E-4
333.200	-2.255E-3
333.300	-1.614E-3
333.400	-1.257E-3
333.500	-1.498E-3
333.600	1.102E-3
333.700	1.566E-3
333.800	7.590E-4
333.900	9.009E-4
334.000	-2.143E-3
334.100	5.391E-4
334.200	2.177E-6
334.300	2.883E-3
334.400	3.982E-3
334.500	6.708E-3
334.600	7.062E-3
334.700	4.823E-3
334.800	7.977E-3
334.900	8.126E-3
335.000	7.293E-3
335.100	9.312E-3
335.200	1.212E-2
335.300	1.333E-2
335.400	1.470E-2
335.500	1.267E-2
335.600	9.042E-3
335.700	1.297E-2
335.800	1.416E-2
335.900	1.345E-2
336.000	1.443E-2
336.100	1.409E-2
336.200	9.846E-3
336.300	9.720E-3
336.400	1.135E-2
336.500	9.604E-3
336.600	7.315E-3
336.700	2.781E-3
336.800	5.663E-3
336.900	1.283E-2
337.000	1.449E-2
337.100	1.674E-2
337.200	1.644E-2
337.300	1.958E-2
337.400	1.888E-2
337.500	1.947E-2
337.600	2.266E-2
337.700	2.584E-2
337.800	2.474E-2
337.900	2.851E-2
338.000	3.232E-2
338.100	3.491E-2
338.200	3.475E-2
338.300	3.498E-2
338.400	3.631E-2
338.500	3.651E-2
338.600	3.537E-2
338.700	3.605E-2
338.800	3.599E-2
338.900	3.949E-2
339.000	3.847E-2
339.100	3.757E-2
339.200	4.088E-2
339.300	4.012E-2
339.400	3.945E-2
339.500	3.851E-2
339.600	4.005E-2
339.700	4.009E-2
339.800	4.095E-2
339.900	3.877E-2
340.000	4.069E-2
340.100	4.382E-2
340.200	4.521E-2
340.300	4.447E-2
340.400	4.250E-2
340.500	4.271E-2
340.600	4.453E-2
340.700	4.442E-2
340.800	4.074E-2
340.900	4.266E-2
341.000	4.399E-2
341.100	4.414E-2
341.200	4.084E-2
341.300	4.115E-2
341.400	4.272E-2
341.500	4.405E-2
341.600	4.479E-2
341.700	4.033E-2
341.800	3.838E-2
341.900	3.760E-2
342.000	3.685E-2
342.100	4.167E-2
342.200	3.992E-2
342.300	4.136E-2
342.400	4.185E-2
342.500	4.083E-2
342.600	3.800E-2
342.700	3.913E-2
342.800	4.087E-2
342.900	4.069E-2
343.000	4.136E-2
343.100	4.072E-2
343.200	4.021E-2
343.300	3.929E-2
343.400	4.065E-2
343.500	4.198E-2
343.600	4.330E-2
343.700	4.306E-2
343.800	4.379E-2
343.900	4.148E-2
344.000	4.148E-2
344.100	4.143E-2
344.200	3.963E-2
344.300	3.942E-2
344.400	3.663E-2
344.500	3.361E-2
344.600	3.414E-2
344.700	3.106E-2
344.800	3.195E-2
344.900	3.072E-2
345.000	3.007E-2
345.100	2.682E-2
345.200	2.945E-2
345.300	2.941E-2
345.400	2.735E-2
345.500	3.016E-2
345.600	3.201E-2
345.700	3.023E-2
345.800	3.229E-2
345.900	3.550E-2
346.000	3.534E-2
346.100	3.740E-2
346.200	3.842E-2
346.300	3.820E-2
346.400	3.669E-2
346.500	3.315E-2
346.600	3.281E-2
346.700	3.140E-2
346.800	2.935E-2
346.900	2.923E-2
347.000	3.024E-2
347.100	2.600E-2
347.200	2.348E-2
347.300	2.462E-2
347.400	2.025E-2
347.500	1.782E-2
347.600	1.454E-2
347.700	1.376E-2
347.800	1.090E-2
347.900	1.088E-2
348.000	1.148E-2
348.100	1.032E-2
348.200	1.006E-2
348.300	1.067E-2
348.400	1.012E-2
348.500	7.834E-3
348.600	7.490E-3
348.700	8.538E-3
348.800	1.185E-2
348.900	1.258E-2
349.000	9.608E-3
349.100	1.148E-2
349.200	1.114E-2
349.300	8.217E-3
349.400	7.812E-3
349.500	5.944E-3
349.600	4.296E-3
349.700	4.733E-3
349.800	9.616E-3
349.900	1.041E-2
350.000	1.018E-2
350.100	6.284E-3
350.200	5.136E-3
350.300	5.827E-3
350.400	7.940E-3
350.500	9.941E-3
350.600	1.117E-2
350.700	1.042E-2
350.800	1.114E-2
350.900	1.053E-2
351.000	1.125E-2
351.100	1.254E-2
351.200	1.405E-2
351.300	1.479E-2
351.400	1.434E-2
351.500	1.243E-2
351.600	1.006E-2
351.700	1.002E-2
351.800	1.050E-2
351.900	9.441E-3
352.000	1.272E-2
352.100	1.370E-2
352.200	1.213E-2
352.300	1.505E-2
352.400	1.951E-2
352.500	1.838E-2
352.600	1.587E-2
352.700	1.772E-2
352.800	1.987E-2
352.900	1.797E-2
353.000	1.928E-2
353.100	1.515E-2
353.200	1.563E-2
353.300	1.290E-2
353.400	1.290E-2
353.500	1.081E-2
353.600	1.074E-2
353.700	7.952E-3
353.800	4.021E-3
353.900	2.408E-3
354.000	3.672E-3
354.100	5.813E-3
354.200	6.403E-3
354.300	7.023E-3
354.400	8.683E-3
354.500	7.865E-3
354.600	1.037E-2
354.700	8.237E-3
354.800	1.122E-2
354.900	7.239E-3
355.000	8.363E-3
355.100	9.912E-3
355.200	7.486E-3
355.300	9.536E-3
355.400	1.485E-2
355.500	1.437E-2
355.600	1.408E-2
355.700	1.465E-2
355.800	1.208E-2
355.900	1.197E-2
356.000	1.178E-2
356.100	1.214E-2
356.200	1.469E-2
356.300	1.481E-2
356.400	1.691E-2
356.500	1.855E-2
356.600	1.699E-2
356.700	1.453E-2
356.800	1.213E-2
356.900	1.121E-2
357.000	1.428E-2
357.100	1.434E-2
357.200	1.387E-2
357.300	1.096E-2
357.400	9.946E-3
357.500	1.015E-2
357.600	1.197E-2
357.700	1.314E-2
357.800	1.366E-2
357.900	1.609E-2
358.000	1.504E-2
358.100	1.491E-2
358.200	1.727E-2
358.300	1.792E-2
358.400	1.574E-2
358.500	1.525E-2
358.600	1.774E-2
358.700	1.595E-2
358.800	1.806E-2
358.900	1.858E-2
359.000	2.126E-2
359.100	2.388E-2
359.200	2.514E-2
359.300	2.687E-2
359.400	2.696E-2
359.500	2.677E-2
359.600	2.293E-2
359.700	1.958E-2
359.800	1.720E-2
359.900	1.639E-2
360.000	1.540E-2
360.100	1.457E-2
360.200	1.541E-2
360.300	1.521E-2
360.400	9.021E-3
360.500	4.341E-3
360.600	5.437E-3
360.700	5.191E-3
360.800	4.658E-3
360.900	5.109E-3
361.000	3.879E-3
361.100	1.103E-3
361.200	-2.567E-4
361.300	-1.018E-3
361.400	-3.374E-3
361.500	-4.303E-3
361.600	-1.419E-3
361.700	7.107E-4
361.800	-3.567E-4
361.900	-2.217E-3
362.000	-1.153E-3
362.100	-1.235E-3
362.200	1.446E-3
362.300	2.946E-3
362.400	2.017E-3
362.500	1.468E-3
362.600	1.528E-3
362.700	2.006E-3
362.800	4.598E-3
362.900	7.631E-3
363.000	1.053E-2
363.100	1.242E-2
363.200	9.276E-3
363.300	8.181E-3
363.400	4.820E-3
363.500	3.731E-3
363.600	3.119E-3
363.700	4.488E-4
363.800	-2.068E-3
363.900	-1.941E-3
364.000	3.404E-4
364.100	2.621E-4
364.200	-8.973E-4
364.300	6.617E-4
364.400	2.315E-3
364.500	2.861E-3
364.600	2.374E-3
364.700	4.187E-3
364.800	4.978E-3
364.900	4.780E-3
365.000	3.742E-3
365.100	6.301E-3
365.200	7.671E-3
365.300	9.151E-3
365.400	8.665E-3
365.500	6.838E-3
365.600	6.862E-3
365.700	7.096E-3
365.800	8.177E-3
365.900	6.547E-3
366.000	5.170E-3
366.100	7.111E-3
366.200	6.696E-3
366.300	5.664E-3
366.400	5.257E-3
366.500	4.665E-3
366.600	2.337E-3
366.700	2.528E-3
366.800	3.252E-3
366.900	2.323E-3
367.000	
367.100	3.559E-3
367.200	5.843E-3
367.300	5.418E-3
367.400	3.918E-3
367.500	1.529E-3
367.600	1.619E-3
367.700	-1.442E-3
367.800	-5.368E-3
367.900	-6.377E-3
368.000	-9.403E-3
368.100	-9.819E-3
368.200	-1.131E-2
368.300	-1.049E-2
368.400	-9.705E-3
368.500	-7.238E-3
368.600	-8.191E-3
368.700	-8.312E-3
368.800	-6.487E-3
368.900	-9.340E-3
369.000	-1.034E-2
369.100	-6.990E-3
369.200	-9.073E-3
369.300	-1.143E-2
369.400	-1.198E-2
369.500	-7.367E-3
369.600	-7.047E-3
369.700	-7.585E-3
369.800	-7.852E-3
369.900	-6.313E-3
370.000	-5.552E-3
370.100	-4.819E-3
370.200	-7.332E-3
370.300	-7.040E-3
370.400	-9.395E-3
370.500	-8.137E-3
370.600	-6.545E-3
370.700	-3.641E-3
370.800	-3.803E-3
370.900	-3.454E-3
371.000	-4.605E-3
371.100	-4.729E-3
371.200	-6.605E-3
371.300	-9.018E-3
371.400	-7.829E-3
371.500	-1.097E-2
371.600	-1.173E-2
371.700	-1.278E-2
371.800	-9.554E-3
371.900	-6.153E-3
372.000	-7.925E-3
372.100	-6.899E-3
372.200	-5.705E-3
372.300	-8.161E-3
372.400	-1.125E-2
372.500	-1.390E-2
372.600	-1.433E-2
372.700	-1.203E-2
372.800	-1.169E-2
372.900	-9.400E-3
373.000	-6.914E-3
373.100	-5.587E-3
373.200	-3.137E-3
373.300	-2.248E-3
373.400	-6.355E-4
373.500	2.420E-3
373.600	4.161E-3
373.700	4.359E-3
373.800	1.617E-3
373.900	1.214E-4
374.000	1.003E-3
374.100	3.590E-3
374.200	2.091E-3
374.300	2.233E-3
374.400	2.145E-3
374.500	1.503E-3
374.600	1.621E-3
374.700	1.593E-3
374.800	7.646E-4
374.900	3.235E-4
375.000	-1.079E-3
375.100	-2.007E-3
375.200	-4.543E-4
375.300	-1.018E-3
375.400	1.303E-3
375.500	4.011E-3
375.600	6.659E-3
375.700	3.917E-3
375.800	3.480E-3
375.900	
376.000	
376.100	
376.200	-1.398E-3
376.300	1.023E-3
376.400	1.475E-3
376.500	2.975E-3
376.600	2.153E-3
376.700	-2.933E-3
376.800	-2.807E-3
376.900	-4.566E-3
377.000	-3.941E-3
377.100	-6.217E-3
377.200	-8.110E-3
377.300	-9.193E-3
377.400	-6.737E-3
377.500	-8.402E-3
377.600	-6.526E-3
377.700	-6.346E-3
377.800	-8.164E-3
377.900	-8.196E-3
378.000	-7.608E-3
378.100	-7.087E-3
378.200	-9.060E-3
378.300	-1.382E-2
378.400	-1.283E-2
378.500	-9.973E-3
378.600	-1.134E-2
378.700	-1.245E-2
378.800	-1.261E-2
378.900	-8.185E-3
379.000	-6.497E-3
379.100	-8.026E-3
379.200	-6.187E-3
379.300	-4.744E-3
379.400	-1.812E-3
379.500	3.836E-4
379.600	-2.567E-3
379.700	-3.369E-3
379.800	-4.630E-3
379.900	-3.930E-3
380.000	-1.841E-3
380.100	8.919E-4
380.200	2.175E-4
380.300	-3.545E-3
380.400	-3.319E-3
380.500	-4.584E-3
380.600	-1.622E-3
380.700	-1.146E-3
380.800	-1.708E-4
380.900	-1.813E-3
381.000	-3.568E-3
381.100	-2.853E-3
381.200	-9.198E-4
381.300	-9.124E-4
381.400	-6.726E-5
381.500	-1.322E-3
381.600	-3.630E-3
381.700	-5.549E-3
381.800	-6.227E-3
381.900	
382.000	-1.039E-2
382.100	-6.304E-3
382.200	
382.300	-4.321E-3
382.400	-4.920E-3
382.500	-2.830E-3
382.600	-3.722E-3
382.700	-3.857E-3
382.800	-4.385E-3
382.900	8.797E-5
383.000	1.959E-3
383.100	1.903E-3
383.200	5.182E-3
383.300	6.712E-3
383.400	6.510E-3
383.500	1.046E-2
383.600	1.144E-2
383.700	1.253E-2
383.800	1.348E-2
383.900	1.225E-2
384.000	1.373E-2
384.100	1.416E-2
384.200	1.526E-2
384.300	1.429E-2
384.400	1.341E-2
384.500	1.258E-2
384.600	1.389E-2
384.700	1.206E-2
384.800	1.031E-2
384.900	8.667E-3
385.000	1.102E-2
385.100	8.099E-3
385.200	9.836E-3
385.300	1.051E-2
385.400	1.122E-2
385.500	8.362E-3
385.600	8.922E-3
385.700	1.063E-2
385.800	1.021E-2
385.900	1.289E-2
386.000	1.296E-2
386.100	1.133E-2
386.200	1.100E-2
386.300	1.126E-2
386.400	1.447E-2
386.500	1.308E-2
386.600	1.382E-2
386.700	1.175E-2
386.800	1.664E-2
386.900	1.736E-2
387.000	1.492E-2
387.100	1.201E-2
387.200	1.059E-2
387.300	9.683E-3
387.400	1.018E-2
387.500	9.846E-3
387.600	9.889E-3
387.700	1.177E-2
387.800	1.035E-2
387.900	8.006E-3
388.000	8.099E-3
388.100	7.174E-3
388.200	6.555E-3
388.300	9.371E-3
388.400	1.354E-2
388.500	1.320E-2
388.600	1.290E-2
388.700	1.107E-2
388.800	8.607E-3
388.900	4.301E-3
389.000	1.732E-3
389.100	1.716E-3
389.200	3.957E-3
389.300	2.720E-3
389.400	8.440E-4
389.500	2.807E-3
389.600	2.687E-3
389.700	5.770E-3
389.800	4.071E-3
389.900	8.479E-3
390.000	8.081E-3
390.100	7.827E-3
390.200	9.756E-3
390.300	1.200E-2
390.400	8.923E-3
390.500	9.417E-3
390.600	1.091E-2
390.700	9.431E-3
390.800	7.437E-3
390.900	7.593E-3
391.000	3.945E-3
391.100	3.751E-3
391.200	7.943E-4
391.300	5.946E-4
391.400	8.739E-4
391.500	9.824E-4
391.600	-2.090E-3
391.700	3.709E-4
391.800	-3.019E-3
391.900	-1.032E-3
392.000	3.750E-3
392.100	3.651E-3
392.200	1.358E-3
392.300	3.124E-3
392.400	2.794E-3
392.500	1.758E-3
392.600	-3.084E-3
392.700	-2.199E-3
392.800	-1.373E-3
392.900	-3.741E-3
393.000	4.389E-4
393.100	3.606E-3
393.200	2.215E-3
393.300	4.822E-4
393.400	-1.544E-3
393.500	-1.252E-3
393.600	-2.380E-3
393.700	-2.051E-3
393.800	-5.033E-3
393.900	-3.488E-3
394.000	-3.857E-3
394.100	-7.540E-3
394.200	-9.302E-3
394.300	-1.269E-2
394.400	-1.088E-2
394.500	-1.083E-2
394.600	-7.217E-3
394.700	-7.084E-3
394.800	-6.537E-3
394.900	-6.453E-3
395.000	-9.833E-3
395.100	-9.310E-3
395.200	-9.770E-3
395.300	-9.493E-3
395.400	-1.011E-2
395.500	-1.374E-2
395.600	-1.226E-2
395.700	-8.751E-3
395.800	-6.497E-3
395.900	-7.869E-3
396.000	-3.436E-3
396.100	-5.658E-3
396.200	-4.692E-3
396.300	-6.562E-3
396.400	-4.673E-3
396.500	-4.035E-3
396.600	-4.012E-4
396.700	1.114E-3
396.800	9.102E-4
396.900	-9.651E-4
397.000	2.786E-4
397.100	1.213E-4
397.200	9.296E-4
397.300	2.040E-3
397.400	5.286E-3
397.500	2.383E-3
397.600	1.380E-3
397.700	3.511E-4
397.800	-3.415E-3
397.900	-4.055E-3
398.000	-4.911E-3
398.100	-6.000E-3
398.200	-9.830E-3
398.300	-1.133E-2
398.400	-1.099E-2
398.500	-1.562E-2
398.600	-1.164E-2
398.700	-1.052E-2
398.800	-1.047E-2
398.900	-1.139E-2
399.000	-9.875E-3
399.100	-1.114E-2
399.200	-9.609E-3
399.300	-6.127E-3
399.400	-5.935E-3
399.500	-5.294E-3
399.600	-8.564E-3
399.700	-6.173E-3
399.800	-1.964E-3
399.900	6.770E-4
400.000	2.790E-3
400.100	1.465E-3
400.200	2.254E-3
400.300	1.382E-3
400.400	6.348E-4
400.500	8.195E-4
400.600	9.398E-4
400.700	2.164E-3
400.800	4.606E-3
400.900	6.762E-3
401.000	5.310E-3
401.100	4.531E-3
401.200	6.902E-3
401.300	6.284E-3
401.400	3.080E-3
401.500	2.750E-3
401.600	2.138E-3
401.700	2.434E-3
401.800	3.654E-3
401.900	1.293E-3
402.000	-1.913E-4
402.100	-1.297E-3
402.200	4.814E-4
402.300	1.753E-3
402.400	-1.073E-3
402.500	-1.994E-3
402.600	-1.740E-3
402.700	-3.883E-3
402.800	-2.134E-3
402.900	-6.278E-4
403.000	-2.079E-3
403.100	-1.661E-3
403.200	1.530E-3
403.300	2.168E-3
403.400	1.863E-3
403.500	4.147E-3
403.600	7.565E-3
403.700	4.409E-3
403.800	4.706E-3
403.900	1.001E-2
404.000	8.371E-3
404.100	8.504E-3
404.200	1.102E-2
404.300	1.475E-2
404.400	1.887E-2
404.500	1.985E-2
404.600	1.923E-2
404.700	2.027E-2
404.800	1.866E-2
404.900	2.005E-2
405.000	2.098E-2
405.100	2.121E-2
405.200	2.393E-2
405.300	2.630E-2
405.400	2.667E-2
405.500	2.559E-2
405.600	2.586E-2
405.700	2.466E-2
405.800	2.639E-2
405.900	2.759E-2
406.000	2.628E-2
406.100	2.514E-2
406.200	2.504E-2
406.300	2.299E-2
406.400	1.941E-2
406.500	1.549E-2
406.600	1.212E-2
406.700	8.715E-3
406.800	7.309E-3
406.900	5.380E-3
407.000	8.149E-3
407.100	8.926E-3
407.200	9.563E-3
407.300	1.088E-2
407.400	1.129E-2
407.500	1.027E-2
407.600	6.417E-3
407.700	3.916E-3
407.800	6.343E-3
407.900	6.613E-3
408.000	4.627E-3
408.100	2.903E-3
408.200	2.028E-3
408.300	3.989E-3
408.400	-4.801E-4
408.500	6.806E-4
408.600	1.380E-3
408.700	8.899E-4
408.800	-3.836E-3
408.900	-9.147E-4
409.000	3.156E-4
409.100	2.246E-3
409.200	3.201E-3
409.300	5.023E-3
409.400	2.212E-3
409.500	2.220E-3
409.600	8.884E-4
409.700	2.957E-4
409.800	-4.245E-3
409.900	-2.492E-3
410.000	3.217E-4
410.100	-4.397E-4
410.200	2.650E-3
410.300	3.100E-3
410.400	4.386E-3
410.500	5.084E-3
410.600	4.146E-3
410.700	2.766E-3
410.800	-1.097E-3
410.900	-3.700E-3
411.000	-5.779E-3
411.100	-7.334E-3
411.200	-6.306E-3
411.300	-7.256E-3
411.400	-5.428E-3
411.500	-2.403E-3
411.600	-2.626E-3
411.700	-4.103E-3
411.800	-4.012E-3
411.900	-3.009E-3
412.000	-1.315E-3
412.100	-6.364E-3
412.200	-5.156E-3
412.300	-4.764E-3
412.400	-3.852E-3
412.500	-5.890E-3
412.600	-3.781E-3
412.700	-1.803E-3
412.800	-1.419E-3
412.900	-4.994E-5
413.000	6.929E-4
413.100	-4.369E-4
413.200	-1.980E-3
413.300	-4.078E-3
413.400	-2.786E-3
413.500	-1.346E-3
413.600	-2.847E-3
413.700	-3.561E-3
413.800	-3.745E-3
413.900	-7.675E-3
414.000	-9.834E-3
414.100	-9.642E-3
414.200	-9.421E-3
414.300	-1.500E-2
414.400	-1.864E-2
414.500	-1.719E-2
414.600	-1.614E-2
414.700	-1.439E-2
414.800	-2.015E-2
414.900	-1.920E-2
415.000	-1.733E-2
415.100	-1.639E-2
415.200	-1.373E-2
415.300	-1.656E-2
415.400	-1.767E-2
415.500	-1.510E-2
415.600	-1.728E-2
415.700	-1.245E-2
415.800	-1.221E-2
415.900	-7.276E-3
416.000	-5.939E-3
416.100	-8.356E-3
416.200	-9.364E-3
416.300	-1.035E-2
416.400	-7.142E-3
416.500	-9.482E-3
416.600	-9.869E-3
416.700	-1.302E-2
416.800	-1.205E-2
416.900	-1.340E-2
417.000	-1.189E-2
417.100	-1.512E-2
417.200	-1.432E-2
417.300	-1.451E-2
417.400	-1.296E-2
417.500	-1.629E-2
417.600	-1.964E-2
417.700	-2.108E-2
417.800	-2.364E-2
417.900	-2.056E-2
418.000	-2.457E-2
418.100	-2.618E-2
418.200	-2.655E-2
418.300	-2.766E-2
418.400	-2.661E-2
418.500	-2.532E-2
418.600	-2.758E-2
418.700	-2.349E-2
418.800	-2.800E-2
418.900	-2.891E-2
419.000	-2.460E-2
419.100	-2.419E-2
419.200	-2.614E-2
419.300	-2.334E-2
419.400	-2.311E-2
419.500	-2.558E-2
419.600	-2.598E-2
419.700	-2.407E-2
419.800	-2.419E-2
419.900	-2.792E-2
420.000	-2.726E-2
420.100	-2.530E-2
420.200	-2.579E-2
420.300	-2.615E-2
420.400	
420.500	-2.798E-2
420.600	
420.700	-3.086E-2
420.800	-2.762E-2
420.900	-2.324E-2
421.000	-2.457E-2
421.100	-2.760E-2
421.200	-2.793E-2
421.300	-2.728E-2
421.400	-2.766E-2
421.500	-2.667E-2
421.600	-2.538E-2
421.700	-2.508E-2
421.800	-2.466E-2
421.900	-2.402E-2
422.000	-2.531E-2
422.100	-2.457E-2
422.200	-2.159E-2
422.300	-2.151E-2
422.400	-2.469E-2
422.500	-2.289E-2
422.600	-2.371E-2
422.700	-2.414E-2
422.800	-2.473E-2
422.900	-2.632E-2
423.000	-2.674E-2
423.100	-2.738E-2
423.200	-2.302E-2
423.300	-2.238E-2
423.400	-1.998E-2
423.500	-1.942E-2
423.600	-2.274E-2
423.700	-2.406E-2
423.800	-2.393E-2
423.900	-2.761E-2
424.000	-2.918E-2
424.100	-2.687E-2
424.200	-2.496E-2
424.300	-2.665E-2
424.400	-2.638E-2
424.500	-2.709E-2
424.600	-2.732E-2
424.700	-3.052E-2
424.800	
424.900	-3.096E-2
425.000	-3.209E-2
425.100	-3.129E-2
425.200	-2.887E-2
425.300	-2.717E-2
425.400	-2.540E-2
425.500	-3.007E-2
425.600	-3.149E-2
425.700	-3.228E-2
425.800	-3.022E-2
425.900	-2.996E-2
426.000	-3.104E-2
426.100	-3.054E-2
426.200	-2.852E-2
426.300	-2.774E-2
426.400	-2.779E-2
426.500	-2.678E-2
426.600	-2.492E-2
426.700	-2.471E-2
426.800	-2.457E-2
426.900	-2.758E-2
427.000	-2.473E-2
427.100	-2.271E-2
427.200	-2.472E-2
427.300	-2.426E-2
427.400	-2.315E-2
427.500	-1.987E-2
427.600	-1.911E-2
427.700	-1.831E-2
427.800	-2.033E-2
427.900	-1.751E-2
428.000	-1.610E-2
428.100	-1.625E-2
428.200	-1.605E-2
428.300	-1.434E-2
428.400	-1.686E-2
428.500	-1.743E-2
428.600	-1.803E-2
428.700	-1.612E-2
428.800	-1.868E-2
428.900	-1.818E-2
429.000	-1.724E-2
429.100	-1.804E-2
429.200	-1.971E-2
429.300	-1.979E-2
429.400	-1.932E-2
429.500	-1.746E-2
429.600	-1.854E-2
429.700	-1.756E-2
429.800	-1.667E-2
429.900	-1.668E-2
430.000	-1.811E-2
430.100	-2.124E-2
430.200	-1.396E-2
430.300	-1.410E-2
430.400	-1.311E-2
430.500	-1.461E-2
430.600	-1.402E-2
430.700	-1.776E-2
430.800	-1.413E-2
430.900	-1.778E-2
431.000	-1.784E-2
431.100	-1.449E-2
431.200	-1.428E-2
431.300	-1.183E-2
431.400	-1.181E-2
431.500	-1.300E-2
431.600	-1.112E-2
431.700	-1.207E-2
431.800	-7.515E-3
431.900	-7.505E-3
432.000	-8.856E-3
432.100	-1.002E-2
432.200	-7.577E-3
432.300	-8.137E-3
432.400	-8.134E-3
432.500	-9.258E-3
432.600	-1.023E-2
432.700	-1.396E-2
432.800	-1.177E-2
432.900	-1.355E-2
433.000	-1.232E-2
433.100	-1.317E-2
433.200	-1.224E-2
433.300	-1.566E-2
433.400	-1.364E-2
433.500	-1.361E-2
433.600	-1.191E-2
433.700	-1.215E-2
433.800	-1.208E-2
433.900	-1.104E-2
434.000	-8.923E-3
434.100	-1.013E-2
434.200	-1.261E-2
434.300	-1.733E-2
434.400	-1.831E-2
434.500	-1.861E-2
434.600	-2.126E-2
434.700	-2.178E-2
434.800	-2.095E-2
434.900	-2.195E-2
435.000	-2.241E-2
435.100	-2.220E-2
435.200	-2.535E-2
435.300	-2.587E-2
435.400	-2.501E-2
435.500	-2.489E-2
435.600	-2.443E-2
435.700	-2.557E-2
435.800	-2.782E-2
435.900	-2.633E-2
436.000	-2.438E-2
436.100	-2.504E-2
436.200	-2.326E-2
436.300	-2.264E-2
436.400	-2.626E-2
436.500	-2.655E-2
436.600	-2.906E-2
436.700	-2.968E-2
436.800	-3.193E-2
436.900	-3.520E-2
437.000	-3.677E-2
437.100	-3.698E-2
437.200	-3.690E-2
437.300	-3.573E-2
437.400	-3.708E-2
437.500	-3.213E-2
437.600	-3.254E-2
437.700	-3.272E-2
437.800	-3.225E-2
437.900	-3.427E-2
438.000	-2.985E-2
438.100	-3.186E-2
438.200	-3.469E-2
438.300	-3.563E-2
438.400	-3.478E-2
438.500	-3.590E-2
438.600	-3.587E-2
438.700	-3.783E-2
438.800	-3.898E-2
438.900	-4.039E-2
439.000	-4.308E-2
439.100	-4.363E-2
439.200	-4.141E-2
439.300	-4.324E-2
439.400	-4.185E-2
439.500	-4.493E-2
439.600	-4.458E-2
439.700	-4.447E-2
439.800	-4.353E-2
439.900	-4.462E-2
440.000	-4.280E-2
440.100	-4.067E-2
440.200	-4.193E-2
440.300	-4.545E-2
440.400	-4.442E-2
440.500	-4.555E-2
440.600	-4.625E-2
440.700	-4.491E-2
440.800	-4.457E-2
440.900	-4.598E-2
441.000	-4.516E-2
441.100	-4.539E-2
441.200	-4.919E-2
441.300	-5.077E-2
441.400	-4.958E-2
441.500	-4.931E-2
441.600	-4.792E-2
441.700	-4.916E-2
441.800	-4.677E-2
441.900	-4.297E-2
442.000	-4.299E-2
442.100	-4.240E-2
442.200	-4.266E-2
442.300	-4.603E-2
442.400	-4.751E-2
442.500	-4.954E-2
442.600	-4.870E-2
442.700	-4.773E-2
442.800	-4.563E-2
442.900	-4.521E-2
443.000	-4.857E-2
443.100	-5.452E-2
443.200	-5.407E-2
443.300	-5.536E-2
443.400	-5.485E-2
443.500	-5.265E-2
443.600	-5.311E-2
443.700	-5.440E-2
443.800	-5.018E-2
443.900	-5.197E-2
444.000	-5.022E-2
444.100	-4.999E-2
444.200	-4.791E-2
444.300	-4.851E-2
444.400	-5.223E-2
444.500	-4.972E-2
444.600	-4.906E-2
444.700	-4.975E-2
444.800	-4.992E-2
444.900	-5.447E-2
445.000	-5.307E-2
445.100	-5.210E-2
445.200	-5.381E-2
445.300	-4.960E-2
445.400	-4.625E-2
445.500	-4.687E-2
445.600	-4.637E-2
445.700	-4.642E-2
445.800	-4.494E-2
445.900	-4.460E-2
446.000	-4.621E-2
446.100	-4.506E-2
446.200	-4.436E-2
446.300	-4.041E-2
446.400	-4.007E-2
446.500	-4.018E-2
446.600	-4.141E-2
446.700	-4.558E-2
446.800	-4.726E-2
446.900	-4.839E-2
447.000	-4.562E-2
447.100	-4.536E-2
447.200	-3.947E-2
447.300	-4.054E-2
447.400	-4.058E-2
447.500	-4.381E-2
447.600	-4.383E-2
447.700	-4.429E-2
447.800	-4.810E-2
447.900	-4.724E-2
448.000	-4.828E-2
448.100	-4.840E-2
448.200	-4.936E-2
448.300	-4.954E-2
448.400	-4.965E-2
448.500	-4.634E-2
448.600	-4.689E-2
448.700	-4.809E-2
448.800	-4.626E-2
448.900	-4.671E-2
449.000	-4.499E-2
449.100	-4.555E-2
449.200	-4.631E-2
449.300	-4.606E-2
449.400	-4.460E-2
449.500	-4.399E-2
449.600	-4.580E-2
449.700	-4.452E-2
449.800	-4.577E-2
449.900	-4.780E-2
450.000	-4.824E-2
450.100	-4.687E-2
450.200	-4.497E-2
450.300	-4.395E-2
450.400	-4.341E-2
450.500	-4.470E-2
450.600	-4.295E-2
450.700	-4.377E-2
450.800	-4.317E-2
450.900	-4.104E-2
451.000	-4.139E-2
451.100	-4.249E-2
451.200	-4.256E-2
451.300	-4.271E-2
451.400	-4.296E-2
451.500	-4.235E-2
451.600	-4.429E-2
451.700	-4.425E-2
451.800	-4.894E-2
451.900	-4.784E-2
452.000	-4.620E-2
452.100	-4.667E-2
452.200	-4.730E-2
452.300	-4.627E-2
452.400	-4.482E-2
452.500	-4.619E-2
452.600	-4.959E-2
452.700	-4.722E-2
452.800	-4.860E-2
452.900	-4.697E-2
453.000	-4.361E-2
453.100	-4.070E-2
453.200	-4.135E-2
453.300	-4.249E-2
453.400	-4.260E-2
453.500	-4.212E-2
453.600	-4.272E-2
453.700	-4.346E-2
453.800	-4.434E-2
453.900	-4.445E-2
454.000	-4.088E-2
454.100	-3.947E-2
454.200	-3.990E-2
454.300	-3.879E-2
454.400	-4.187E-2
454.500	-4.479E-2
454.600	-4.251E-2
454.700	-4.244E-2
454.800	-4.479E-2
454.900	-4.622E-2
455.000	-4.402E-2
455.100	-4.859E-2
455.200	-4.837E-2
455.300	-4.698E-2
455.400	-4.841E-2
455.500	-4.825E-2
455.600	-5.095E-2
455.700	-5.165E-2
455.800	-5.292E-2
455.900	-5.373E-2
456.000	-5.045E-2
456.100	-4.981E-2
456.200	-4.884E-2
456.300	-5.266E-2
456.400	-5.225E-2
456.500	-5.442E-2
456.600	-5.591E-2
456.700	-5.690E-2
456.800	-5.863E-2
456.900	-5.798E-2
457.000	-5.649E-2
457.100	-5.784E-2
457.200	-5.750E-2
457.300	-5.594E-2
457.400	-5.587E-2
457.500	-5.750E-2
457.600	-5.886E-2
457.700	-6.309E-2
457.800	-6.184E-2
457.900	-6.529E-2
458.000	-6.081E-2
458.100	-5.796E-2
458.200	-5.704E-2
458.300	-5.549E-2
458.400	-5.420E-2
458.500	-5.323E-2
458.600	-4.891E-2
458.700	-4.884E-2
458.800	-4.844E-2
458.900	-4.918E-2
459.000	-4.713E-2
459.100	-4.562E-2
459.200	-4.106E-2
459.300	-3.683E-2
459.400	-3.759E-2
459.500	-3.650E-2
459.600	-3.560E-2
459.700	-3.540E-2
459.800	-3.385E-2
459.900	-3.468E-2
460.000	-3.226E-2
460.100	-3.317E-2
460.200	-3.256E-2
460.300	-3.518E-2
460.400	-3.248E-2
460.500	-3.208E-2
460.600	-3.118E-2
460.700	-2.809E-2
460.800	-3.121E-2
460.900	-2.899E-2
461.000	-2.565E-2
461.100	-2.413E-2
461.200	-2.374E-2
461.300	-2.092E-2
461.400	-1.837E-2
461.500	-1.870E-2
461.600	-1.996E-2
461.700	-1.851E-2
461.800	-1.846E-2
461.900	-1.797E-2
462.000	-2.182E-2
462.100	-2.066E-2
462.200	-2.297E-2
462.300	-2.024E-2
462.400	-1.935E-2
462.500	-1.611E-2
462.600	-1.605E-2
462.700	-1.491E-2
462.800	-1.406E-2
462.900	-1.384E-2
463.000	-1.415E-2
463.100	-1.414E-2
463.200	-1.338E-2
463.300	-1.440E-2
463.400	-1.402E-2
463.500	-1.238E-2
463.600	-1.631E-2
463.700	-1.841E-2
463.800	-1.646E-2
463.900	-1.672E-2
464.000	-1.264E-2
464.100	-1.331E-2
464.200	-1.414E-2
464.300	-1.523E-2
464.400	-1.536E-2
464.500	-1.357E-2
464.600	-1.227E-2
464.700	-1.207E-2
464.800	-1.273E-2
464.900	-1.283E-2
465.000	-1.199E-2
465.100	-1.189E-2
465.200	-1.370E-2
465.300	-1.346E-2
465.400	-1.335E-2
465.500	-1.373E-2
465.600	-1.272E-2
465.700	-8.336E-3
465.800	-8.423E-3
465.900	-1.118E-2
466.000	-1.140E-2
466.100	-1.210E-2
466.200	-1.243E-2
466.300	-1.097E-2
466.400	-1.004E-2
466.500	-1.316E-2
466.600	-9.059E-3
466.700	-1.002E-2
466.800	-1.110E-2
466.900	-1.300E-2
467.000	-1.372E-2
467.100	-1.392E-2
467.200	-1.265E-2
467.300	-1.139E-2
467.400	-1.165E-2
467.500	-1.064E-2
467.600	-1.279E-2
467.700	-1.532E-2
467.800	-1.867E-2
467.900	-1.940E-2
468.000	-1.993E-2
468.100	-1.732E-2
468.200	-1.411E-2
468.300	-1.416E-2
468.400	-1.107E-2
468.500	-1.142E-2
468.600	-9.544E-3
468.700	-1.040E-2
468.800	-1.209E-2
468.900	-1.330E-2
469.000	-1.323E-2
469.100	-1.472E-2
469.200	-1.524E-2
469.300	-1.164E-2
469.400	-1.020E-2
469.500	-7.342E-3
469.600	-5.186E-3
469.700	-6.535E-3
469.800	-4.346E-3
469.900	-3.367E-3
470.000	-5.152E-3
470.100	-3.873E-3
470.200	-5.231E-3
470.300	-5.601E-3
470.400	-1.868E-3
470.500	-2.710E-3
470.600	-2.882E-3
470.700	-3.984E-3
470.800	-4.466E-3
470.900	-3.717E-3
471.000	-2.676E-3
471.100	-2.158E-3
471.200	-2.024E-3
471.300	8.849E-5
471.400	4.828E-3
471.500	5.265E-3
471.600	5.337E-3
471.700	7.843E-3
471.800	5.611E-3
471.900	5.087E-3
472.000	7.003E-3
472.100	7.048E-3
472.200	7.228E-3
472.300	7.154E-3
472.400	6.838E-3
472.500	5.897E-3
472.600	7.103E-3
472.700	9.323E-3
472.800	8.122E-3
472.900	8.085E-3
473.000	7.889E-3
473.100	9.185E-3
473.200	1.135E-2
473.300	8.747E-3
473.400	9.229E-3
473.500	8.629E-3
473.600	7.508E-3
473.700	8.808E-3
473.800	9.708E-3
473.900	8.817E-3
474.000	7.007E-3
474.100	9.672E-3
474.200	5.256E-3
474.300	3.743E-3
474.400	2.658E-3
474.500	1.533E-3
474.600	1.038E-3
474.700	1.960E-3
474.800	2.179E-3
474.900	1.189E-3
475.000	1.364E-3
475.100	2.140E-3
475.200	3.035E-3
475.300	2.175E-3
475.400	-2.087E-3
475.500	-5.763E-4
475.600	-1.687E-3
475.700	2.199E-3
475.800	5.055E-3
475.900	1.164E-3
476.000	3.295E-3
476.100	4.698E-3
476.200	2.916E-3
476.300	3.385E-3
476.400	3.132E-3
476.500	-1.345E-3
476.600	-4.906E-3
476.700	-1.923E-3
476.800	-7.814E-4
476.900	1.367E-3
477.000	2.020E-3
477.100	-2.777E-4
477.200	4.046E-4
477.300	3.602E-3
477.400	3.008E-3
477.500	3.958E-3
477.600	8.051E-3
477.700	7.135E-3
477.800	3.596E-3
477.900	8.865E-5
478.000	-3.121E-3
478.100	-4.921E-3
478.200	-3.661E-3
478.300	-3.687E-3
478.400	-4.176E-3
478.500	-5.106E-3
478.600	-5.688E-3
478.700	-6.923E-3
478.800	-8.443E-3
478.900	-8.604E-3
479.000	-5.481E-3
479.100	-4.977E-3
479.200	-4.100E-3
