	mass A	
t	x	
0.000	4.762E-3
0.100	5.873E-3
0.200	5.255E-3
0.300	4.750E-3
0.400	6.933E-3
0.500	9.239E-3
0.600	9.033E-3
0.700	8.699E-3
0.800	1.180E-2
0.900	1.192E-2
1.000	1.355E-2
1.100	1.318E-2
1.200	1.431E-2
1.300	1.604E-2
1.400	1.564E-2
1.500	1.760E-2
1.600	1.346E-2
1.700	1.457E-2
1.800	1.716E-2
1.900	1.619E-2
2.000	1.513E-2
2.100	1.573E-2
2.200	1.613E-2
2.300	1.533E-2
2.400	1.576E-2
2.500	1.585E-2
2.600	1.651E-2
2.700	1.708E-2
2.800	1.709E-2
2.900	1.856E-2
3.000	2.111E-2
3.100	1.765E-2
3.200	1.717E-2
3.300	1.875E-2
3.400	1.759E-2
3.500	1.993E-2
3.600	1.883E-2
3.700	1.746E-2
3.800	1.683E-2
3.900	1.614E-2
4.000	1.660E-2
4.100	1.635E-2
4.200	1.672E-2
4.300	1.594E-2
4.400	1.516E-2
4.500	1.503E-2
4.600	1.447E-2
4.700	1.427E-2
4.800	1.300E-2
4.900	9.718E-3
5.000	7.906E-3
5.100	5.016E-3
5.200	6.990E-3
5.300	5.671E-3
5.400	4.393E-3
5.500	7.063E-3
5.600	6.118E-3
5.700	7.657E-3
5.800	7.792E-3
5.900	6.099E-3
6.000	5.306E-3
6.100	1.676E-3
6.200	2.944E-3
6.300	4.220E-3
6.400	3.404E-3
6.500	2.366E-3
6.600	-1.703E-3
6.700	-3.369E-3
6.800	-4.153E-3
6.900	-5.649E-3
7.000	-4.475E-3
7.100	-4.418E-3
7.200	-7.292E-3
7.300	-7.178E-3
7.400	-6.631E-3
7.500	-5.623E-3
7.600	-6.064E-3
7.700	-3.255E-3
7.800	7.753E-4
7.900	4.319E-3
8.000	3.586E-3
8.100	5.579E-3
8.200	8.529E-3
8.300	1.035E-2
8.400	1.246E-2
8.500	1.214E-2
8.600	1.266E-2
8.700	1.200E-2
8.800	1.053E-2
8.900	7.294E-3
9.000	9.910E-3
9.100	1.274E-2
9.200	1.677E-2
9.300	1.526E-2
9.400	1.465E-2
9.500	1.533E-2
9.600	1.671E-2
9.700	1.499E-2
9.800	1.498E-2
9.900	1.335E-2
10.000	1.518E-2
10.100	1.730E-2
10.200	2.040E-2
10.300	2.138E-2
10.400	1.994E-2
10.500	1.953E-2
10.600	1.874E-2
10.700	1.904E-2
10.800	1.525E-2
10.900	1.536E-2
11.000	1.480E-2
11.100	1.533E-2
11.200	1.512E-2
11.300	1.461E-2
11.400	1.270E-2
11.500	9.484E-3
11.600	7.046E-3
11.700	6.458E-3
11.800	8.735E-3
11.900	9.771E-3
12.000	1.245E-2
12.100	1.089E-2
12.200	8.541E-3
12.300	1.088E-2
12.400	1.245E-2
12.500	8.393E-3
12.600	7.858E-3
12.700	7.167E-3
12.800	5.691E-3
12.900	6.255E-3
13.000	8.401E-3
13.100	6.704E-3
13.200	8.312E-3
13.300	8.158E-3
13.400	4.910E-3
13.500	4.363E-3
13.600	7.537E-3
13.700	1.086E-2
13.800	1.120E-2
13.900	1.182E-2
14.000	1.196E-2
14.100	1.109E-2
14.200	9.792E-3
14.300	1.351E-2
14.400	1.041E-2
14.500	9.880E-3
14.600	7.660E-3
14.700	8.721E-3
14.800	8.964E-3
14.900	9.693E-3
15.000	9.846E-3
15.100	1.004E-2
15.200	8.923E-3
15.300	1.087E-2
15.400	1.041E-2
15.500	1.104E-2
15.600	9.471E-3
15.700	7.264E-3
15.800	7.815E-3
15.900	8.570E-3
16.000	8.688E-3
16.100	7.206E-3
16.200	6.627E-3
16.300	6.927E-3
16.400	1.025E-2
16.500	1.042E-2
16.600	1.069E-2
16.700	9.531E-3
16.800	9.554E-3
16.900	1.138E-2
17.000	1.278E-2
17.100	1.666E-2
17.200	1.638E-2
17.300	1.612E-2
17.400	1.543E-2
17.500	1.214E-2
17.600	1.006E-2
17.700	6.850E-3
17.800	6.069E-3
17.900	7.098E-3
18.000	4.431E-3
18.100	3.563E-3
18.200	2.931E-3
18.300	3.350E-3
18.400	5.897E-3
18.500	5.100E-3
18.600	3.332E-3
18.700	2.291E-3
18.800	5.607E-3
18.900	4.592E-3
19.000	6.056E-3
19.100	6.851E-3
19.200	8.355E-3
19.300	1.116E-2
19.400	1.061E-2
19.500	1.269E-2
19.600	1.254E-2
19.700	1.488E-2
19.800	1.279E-2
19.900	1.449E-2
20.000	1.408E-2
20.100	1.404E-2
20.200	1.147E-2
20.300	1.129E-2
20.400	1.164E-2
20.500	1.252E-2
20.600	1.145E-2
20.700	1.032E-2
20.800	1.003E-2
20.900	7.679E-3
21.000	5.437E-3
21.100	6.462E-3
21.200	7.583E-3
21.300	8.547E-3
21.400	8.224E-3
21.500	8.917E-3
21.600	9.771E-3
21.700	1.130E-2
21.800	1.042E-2
21.900	1.005E-2
22.000	1.069E-2
22.100	8.152E-3
22.200	8.778E-3
22.300	1.288E-2
22.400	1.010E-2
22.500	8.774E-3
22.600	7.186E-3
22.700	6.781E-3
22.800	8.047E-3
22.900	1.379E-2
23.000	1.091E-2
23.100	1.243E-2
23.200	1.302E-2
23.300	1.337E-2
23.400	1.883E-2
23.500	1.796E-2
23.600	1.771E-2
23.700	1.677E-2
23.800	1.802E-2
23.900	2.010E-2
24.000	1.662E-2
24.100	1.758E-2
24.200	1.699E-2
24.300	1.529E-2
24.400	1.999E-2
24.500	2.180E-2
24.600	1.885E-2
24.700	1.985E-2
24.800	2.233E-2
24.900	2.210E-2
25.000	1.994E-2
25.100	1.669E-2
25.200	1.403E-2
25.300	1.225E-2
25.400	1.334E-2
25.500	1.346E-2
25.600	1.446E-2
25.700	1.333E-2
25.800	1.358E-2
25.900	1.263E-2
26.000	1.114E-2
26.100	1.432E-2
26.200	1.206E-2
26.300	1.413E-2
26.400	1.479E-2
26.500	1.672E-2
26.600	2.123E-2
26.700	1.768E-2
26.800	1.626E-2
26.900	1.950E-2
27.000	1.569E-2
27.100	1.696E-2
27.200	1.399E-2
27.300	1.456E-2
27.400	1.516E-2
27.500	1.748E-2
27.600	1.900E-2
27.700	1.977E-2
27.800	1.778E-2
27.900	1.630E-2
28.000	1.874E-2
28.100	1.887E-2
28.200	1.935E-2
28.300	2.050E-2
28.400	1.928E-2
28.500	2.200E-2
28.600	2.153E-2
28.700	2.317E-2
28.800	2.264E-2
28.900	2.390E-2
29.000	2.606E-2
29.100	2.730E-2
29.200	2.646E-2
29.300	2.697E-2
29.400	2.903E-2
29.500	2.892E-2
29.600	2.927E-2
29.700	2.972E-2
29.800	2.661E-2
29.900	2.774E-2
30.000	2.945E-2
30.100	3.080E-2
30.200	2.998E-2
30.300	2.853E-2
30.400	3.053E-2
30.500	2.963E-2
30.600	3.146E-2
30.700	3.101E-2
30.800	2.895E-2
30.900	2.814E-2
31.000	2.651E-2
31.100	2.919E-2
31.200	3.261E-2
31.300	3.278E-2
31.400	3.549E-2
31.500	3.457E-2
31.600	3.554E-2
31.700	3.590E-2
31.800	3.370E-2
31.900	3.354E-2
32.000	3.191E-2
32.100	3.096E-2
32.200	2.613E-2
32.300	2.972E-2
32.400	2.940E-2
32.500	2.773E-2
32.600	2.926E-2
32.700	2.837E-2
32.800	3.014E-2
32.900	3.077E-2
33.000	2.873E-2
33.100	2.881E-2
33.200	2.443E-2
33.300	2.414E-2
33.400	2.702E-2
33.500	2.809E-2
33.600	2.556E-2
33.700	2.431E-2
33.800	2.511E-2
33.900	2.489E-2
34.000	2.654E-2
34.100	2.849E-2
34.200	2.881E-2
34.300	2.904E-2
34.400	2.846E-2
34.500	3.111E-2
34.600	3.150E-2
34.700	2.859E-2
34.800	2.832E-2
34.900	2.401E-2
35.000	2.488E-2
35.100	2.182E-2
35.200	2.160E-2
35.300	2.294E-2
35.400	2.276E-2
35.500	2.174E-2
35.600	2.193E-2
35.700	2.310E-2
35.800	2.429E-2
35.900	2.601E-2
36.000	2.559E-2
36.100	2.369E-2
36.200	2.638E-2
36.300	2.749E-2
36.400	2.964E-2
36.500	2.825E-2
36.600	2.685E-2
36.700	2.762E-2
36.800	2.770E-2
36.900	2.976E-2
37.000	2.872E-2
37.100	3.222E-2
37.200	3.398E-2
37.300	3.574E-2
37.400	3.379E-2
37.500	3.157E-2
37.600	3.048E-2
37.700	2.916E-2
37.800	2.517E-2
37.900	2.632E-2
38.000	2.879E-2
38.100	3.164E-2
38.200	3.079E-2
38.300	2.867E-2
38.400	3.047E-2
38.500	3.210E-2
38.600	3.123E-2
38.700	3.256E-2
38.800	3.112E-2
38.900	3.282E-2
39.000	3.423E-2
39.100	3.297E-2
39.200	3.121E-2
39.300	2.752E-2
39.400	2.949E-2
39.500	3.085E-2
39.600	3.303E-2
39.700	3.190E-2
39.800	3.319E-2
39.900	3.262E-2
40.000	3.574E-2
40.100	3.263E-2
40.200	3.124E-2
40.300	3.311E-2
40.400	3.239E-2
40.500	3.449E-2
40.600	3.425E-2
40.700	3.347E-2
40.800	3.007E-2
40.900	2.913E-2
41.000	3.246E-2
41.100	3.292E-2
41.200	3.256E-2
41.300	3.042E-2
41.400	3.122E-2
41.500	2.848E-2
41.600	2.934E-2
41.700	3.120E-2
41.800	3.041E-2
41.900	2.866E-2
42.000	2.634E-2
42.100	2.293E-2
42.200	2.257E-2
42.300	1.946E-2
42.400	1.814E-2
42.500	1.623E-2
42.600	1.680E-2
42.700	1.683E-2
42.800	1.677E-2
42.900	1.700E-2
43.000	1.756E-2
43.100	2.081E-2
43.200	2.083E-2
43.300	2.199E-2
43.400	2.062E-2
43.500	1.848E-2
43.600	1.909E-2
43.700	1.982E-2
43.800	2.060E-2
43.900	2.503E-2
44.000	2.304E-2
44.100	2.212E-2
44.200	2.001E-2
44.300	1.910E-2
44.400	2.014E-2
44.500	2.380E-2
44.600	2.462E-2
44.700	2.702E-2
44.800	2.790E-2
44.900	2.574E-2
45.000	2.642E-2
45.100	2.667E-2
45.200	2.722E-2
45.300	2.584E-2
45.400	2.613E-2
45.500	2.759E-2
45.600	2.845E-2
45.700	2.670E-2
45.800	2.689E-2
45.900	2.780E-2
46.000	2.550E-2
46.100	2.701E-2
46.200	2.422E-2
46.300	2.826E-2
46.400	2.437E-2
46.500	2.327E-2
46.600	2.408E-2
46.700	2.023E-2
46.800	2.316E-2
46.900	2.537E-2
47.000	2.889E-2
47.100	2.911E-2
47.200	2.871E-2
47.300	2.621E-2
47.400	2.692E-2
47.500	2.678E-2
47.600	2.772E-2
47.700	3.118E-2
47.800	3.349E-2
47.900	3.047E-2
48.000	3.049E-2
48.100	2.939E-2
48.200	2.973E-2
48.300	3.263E-2
48.400	3.321E-2
48.500	3.279E-2
48.600	3.448E-2
48.700	3.587E-2
48.800	3.579E-2
48.900	3.536E-2
49.000	3.109E-2
49.100	2.938E-2
49.200	2.800E-2
49.300	2.715E-2
49.400	2.786E-2
49.500	2.627E-2
49.600	2.568E-2
49.700	2.562E-2
49.800	2.692E-2
49.900	2.609E-2
50.000	2.594E-2
50.100	2.664E-2
50.200	2.711E-2
50.300	2.878E-2
50.400	3.013E-2
50.500	2.767E-2
50.600	2.855E-2
50.700	2.899E-2
50.800	2.809E-2
50.900	2.851E-2
51.000	2.795E-2
51.100	2.795E-2
51.200	2.701E-2
51.300	2.879E-2
51.400	3.240E-2
51.500	3.073E-2
51.600	3.154E-2
51.700	2.997E-2
51.800	3.046E-2
51.900	2.923E-2
52.000	3.081E-2
52.100	3.174E-2
52.200	3.028E-2
52.300	3.045E-2
52.400	3.013E-2
52.500	3.148E-2
52.600	3.389E-2
52.700	3.548E-2
52.800	3.403E-2
52.900	3.375E-2
53.000	3.089E-2
53.100	3.084E-2
53.200	2.657E-2
53.300	2.526E-2
53.400	2.599E-2
53.500	2.640E-2
53.600	2.360E-2
53.700	2.369E-2
53.800	2.189E-2
53.900	1.901E-2
54.000	1.915E-2
54.100	1.685E-2
54.200	1.835E-2
54.300	1.500E-2
54.400	1.386E-2
54.500	1.570E-2
54.600	1.421E-2
54.700	1.271E-2
54.800	9.544E-3
54.900	1.134E-2
55.000	1.019E-2
55.100	8.093E-3
55.200	6.397E-3
55.300	8.104E-3
55.400	1.004E-2
55.500	9.839E-3
55.600	1.095E-2
55.700	1.089E-2
55.800	9.130E-3
55.900	1.213E-2
56.000	1.187E-2
56.100	1.322E-2
56.200	1.434E-2
56.300	1.571E-2
56.400	1.657E-2
56.500	1.547E-2
56.600	1.781E-2
56.700	1.776E-2
56.800	1.547E-2
56.900	1.465E-2
57.000	1.339E-2
57.100	1.258E-2
57.200	1.426E-2
57.300	1.320E-2
57.400	1.065E-2
57.500	1.166E-2
57.600	1.162E-2
57.700	1.148E-2
57.800	1.033E-2
57.900	1.271E-2
58.000	1.528E-2
58.100	2.014E-2
58.200	1.701E-2
58.300	1.871E-2
58.400	1.752E-2
58.500	1.619E-2
58.600	1.289E-2
58.700	1.417E-2
58.800	1.416E-2
58.900	1.454E-2
59.000	1.718E-2
59.100	1.521E-2
59.200	1.418E-2
59.300	1.412E-2
59.400	1.399E-2
59.500	1.382E-2
59.600	1.814E-2
59.700	1.855E-2
59.800	1.733E-2
59.900	2.081E-2
60.000	1.808E-2
60.100	1.765E-2
60.200	1.454E-2
60.300	1.215E-2
60.400	7.414E-3
60.500	8.769E-3
60.600	7.748E-3
60.700	2.220E-16
60.800	-1.012E-3
60.900	-4.344E-4
61.000	6.940E-4
61.100	-2.482E-3
61.200	-4.754E-4
61.300	-1.133E-4
61.400	1.762E-3
61.500	5.052E-4
61.600	2.608E-3
61.700	4.508E-3
61.800	7.263E-3
61.900	6.538E-3
62.000	6.027E-3
62.100	4.721E-3
62.200	7.019E-3
62.300	5.344E-3
62.400	8.538E-3
62.500	4.910E-3
62.600	7.505E-3
62.700	1.103E-2
62.800	1.203E-2
62.900	9.103E-3
63.000	1.095E-2
63.100	9.656E-3
63.200	1.196E-2
63.300	1.209E-2
63.400	1.227E-2
63.500	1.089E-2
63.600	9.025E-3
63.700	7.659E-3
63.800	1.100E-2
63.900	9.286E-3
64.000	9.715E-3
64.100	1.103E-2
64.200	1.113E-2
64.300	9.079E-3
64.400	1.074E-2
64.500	1.094E-2
64.600	1.313E-2
64.700	1.181E-2
64.800	1.143E-2
64.900	1.367E-2
65.000	1.081E-2
65.100	1.138E-2
65.200	1.232E-2
65.300	8.207E-3
65.400	1.135E-2
65.500	1.129E-2
65.600	1.572E-2
65.700	1.789E-2
65.800	1.465E-2
65.900	1.540E-2
66.000	1.322E-2
66.100	9.684E-3
66.200	9.085E-3
66.300	1.202E-2
66.400	1.601E-2
66.500	1.431E-2
66.600	1.495E-2
66.700	1.626E-2
66.800	1.555E-2
66.900	1.414E-2
67.000	1.660E-2
67.100	1.548E-2
67.200	1.710E-2
67.300	2.001E-2
67.400	2.032E-2
67.500	2.219E-2
67.600	2.556E-2
67.700	2.324E-2
67.800	2.139E-2
67.900	1.902E-2
68.000	2.215E-2
68.100	2.124E-2
68.200	2.080E-2
68.300	2.122E-2
68.400	1.877E-2
68.500	1.836E-2
68.600	1.795E-2
68.700	1.680E-2
68.800	1.520E-2
68.900	1.248E-2
69.000	9.363E-3
69.100	8.037E-3
69.200	6.306E-3
69.300	4.578E-3
69.400	6.425E-3
69.500	6.703E-3
69.600	7.058E-3
69.700	6.495E-3
69.800	6.580E-3
69.900	4.249E-3
70.000	4.538E-3
70.100	1.740E-3
70.200	1.197E-3
70.300	3.173E-3
70.400	2.765E-3
70.500	4.990E-3
70.600	8.843E-3
70.700	6.627E-3
70.800	9.121E-3
70.900	9.793E-3
71.000	1.026E-2
71.100	8.937E-3
71.200	1.084E-2
71.300	1.050E-2
71.400	9.536E-3
71.500	1.225E-2
71.600	1.637E-2
71.700	1.190E-2
71.800	1.167E-2
71.900	1.031E-2
72.000	1.190E-2
72.100	1.438E-2
72.200	1.296E-2
72.300	1.109E-2
72.400	1.183E-2
72.500	1.389E-2
72.600	1.447E-2
72.700	1.542E-2
72.800	1.831E-2
72.900	2.039E-2
73.000	1.940E-2
73.100	2.101E-2
73.200	2.294E-2
73.300	2.768E-2
73.400	2.666E-2
73.500	2.703E-2
73.600	2.668E-2
73.700	2.526E-2
73.800	2.717E-2
73.900	2.693E-2
74.000	2.277E-2
74.100	2.382E-2
74.200	2.277E-2
74.300	2.353E-2
74.400	2.336E-2
74.500	2.084E-2
74.600	1.785E-2
74.700	1.703E-2
74.800	1.892E-2
74.900	1.587E-2
75.000	1.290E-2
75.100	1.313E-2
75.200	1.425E-2
75.300	1.183E-2
75.400	1.373E-2
75.500	1.289E-2
75.600	1.163E-2
75.700	1.327E-2
75.800	1.399E-2
75.900	1.341E-2
76.000	1.424E-2
76.100	1.388E-2
76.200	1.306E-2
76.300	1.369E-2
76.400	1.341E-2
76.500	1.287E-2
76.600	1.264E-2
76.700	1.145E-2
76.800	1.041E-2
76.900	7.195E-3
77.000	5.274E-3
77.100	5.820E-3
77.200	5.143E-3
77.300	5.005E-3
77.400	1.629E-3
77.500	3.431E-3
77.600	2.271E-3
77.700	3.124E-3
77.800	3.582E-3
77.900	1.287E-4
78.000	-8.594E-4
78.100	-2.836E-3
78.200	5.271E-5
78.300	-4.505E-3
78.400	-4.697E-3
78.500	-6.182E-3
78.600	-5.724E-3
78.700	-5.365E-3
78.800	-5.931E-3
78.900	-6.256E-3
79.000	-6.234E-3
79.100	-5.739E-3
79.200	-5.316E-3
79.300	-5.737E-3
79.400	-1.044E-2
79.500	-1.167E-2
79.600	-1.184E-2
79.700	-1.348E-2
79.800	-1.591E-2
79.900	-1.601E-2
80.000	-1.673E-2
80.100	-1.841E-2
80.200	-1.799E-2
80.300	-1.830E-2
80.400	-1.882E-2
80.500	-1.865E-2
80.600	-1.613E-2
80.700	-1.455E-2
80.800	-1.188E-2
80.900	-1.184E-2
81.000	-9.351E-3
81.100	-9.866E-3
81.200	-9.940E-3
81.300	-1.375E-2
81.400	-1.695E-2
81.500	-2.065E-2
81.600	-2.123E-2
81.700	-2.170E-2
81.800	-2.075E-2
81.900	-1.926E-2
82.000	-2.008E-2
82.100	-1.797E-2
82.200	-2.022E-2
82.300	-1.840E-2
82.400	-1.880E-2
82.500	-1.462E-2
82.600	-1.718E-2
82.700	-2.018E-2
82.800	-1.922E-2
82.900	-1.590E-2
83.000	-1.699E-2
83.100	-1.648E-2
83.200	-1.687E-2
83.300	-1.479E-2
83.400	-1.265E-2
83.500	-1.463E-2
83.600	-1.545E-2
83.700	-1.354E-2
83.800	-1.356E-2
83.900	-1.123E-2
84.000	-1.214E-2
84.100	-1.228E-2
84.200	-1.060E-2
84.300	-8.329E-3
84.400	-8.735E-3
84.500	-8.253E-3
84.600	-7.851E-3
84.700	-7.199E-3
84.800	-6.475E-3
84.900	-1.690E-3
85.000	-4.683E-3
85.100	-6.624E-3
85.200	-8.196E-3
85.300	-8.955E-3
85.400	-1.165E-2
85.500	-1.158E-2
85.600	-1.426E-2
85.700	-1.332E-2
85.800	-1.513E-2
85.900	-1.527E-2
86.000	-1.623E-2
86.100	-1.892E-2
86.200	-1.626E-2
86.300	-1.550E-2
86.400	-1.433E-2
86.500	-1.383E-2
86.600	-1.286E-2
86.700	-1.159E-2
86.800	-1.005E-2
86.900	-9.673E-3
87.000	-5.590E-3
87.100	-8.409E-3
87.200	-1.017E-2
87.300	-1.178E-2
87.400	-1.267E-2
87.500	-1.170E-2
87.600	-8.374E-3
87.700	-9.977E-3
87.800	-1.112E-2
87.900	-1.537E-2
88.000	-1.427E-2
88.100	-1.500E-2
88.200	-1.848E-2
88.300	-2.018E-2
88.400	-1.467E-2
88.500	-1.453E-2
88.600	-1.414E-2
88.700	-1.309E-2
88.800	-1.278E-2
88.900	-1.144E-2
89.000	-1.096E-2
89.100	-1.071E-2
89.200	-7.729E-3
89.300	-5.059E-3
89.400	-4.414E-3
89.500	-4.736E-3
89.600	-5.349E-3
89.700	-4.985E-3
89.800	-4.592E-3
89.900	-7.353E-3
90.000	-7.499E-3
90.100	-8.148E-3
90.200	-8.173E-3
90.300	-6.601E-3
90.400	-7.858E-3
90.500	-8.217E-3
90.600	-8.287E-3
90.700	-5.869E-3
90.800	-3.335E-3
90.900	-2.011E-3
91.000	-2.652E-3
91.100	-2.777E-3
91.200	-2.661E-3
91.300	-2.355E-3
91.400	-7.433E-5
91.500	-2.181E-3
91.600	-1.799E-3
91.700	-4.907E-4
91.800	1.350E-4
91.900	-2.469E-3
92.000	-4.189E-3
92.100	-5.658E-3
92.200	-1.757E-3
92.300	-2.255E-3
92.400	-1.801E-3
92.500	-1.135E-3
92.600	1.148E-3
92.700	1.491E-3
92.800	-1.008E-3
92.900	6.349E-4
93.000	-3.487E-3
93.100	-3.370E-3
93.200	-4.360E-3
93.300	-4.337E-3
93.400	-2.060E-3
93.500	-6.038E-4
93.600	-5.762E-4
93.700	-1.409E-3
93.800	-2.140E-3
93.900	-2.176E-3
94.000	-5.470E-4
94.100	8.774E-4
94.200	-7.410E-5
94.300	-5.439E-5
94.400	2.498E-3
94.500	5.351E-3
94.600	2.283E-3
94.700	7.499E-4
94.800	-5.765E-4
94.900	-2.414E-3
95.000	-1.505E-3
95.100	7.787E-4
95.200	-1.312E-3
95.300	-6.123E-5
95.400	3.950E-4
95.500	2.025E-3
95.600	1.018E-3
95.700	2.617E-3
95.800	5.081E-3
95.900	5.809E-3
96.000	3.721E-3
96.100	7.929E-4
96.200	2.799E-3
96.300	4.629E-4
96.400	-2.442E-4
96.500	-1.147E-3
96.600	-1.989E-3
96.700	-4.383E-3
96.800	-5.978E-3
96.900	-2.550E-3
97.000	-2.523E-3
97.100	-4.567E-3
97.200	-7.493E-3
97.300	-9.497E-3
97.400	-1.039E-2
97.500	-1.096E-2
97.600	-1.030E-2
97.700	-1.184E-2
97.800	-8.532E-3
97.900	-7.324E-3
98.000	-7.141E-3
98.100	-6.255E-3
98.200	-5.809E-3
98.300	-1.972E-3
98.400	-1.937E-3
98.500	-2.828E-3
98.600	-6.142E-3
98.700	-5.858E-3
98.800	-5.940E-3
98.900	-7.808E-3
99.000	-5.125E-3
99.100	-5.814E-3
99.200	-6.849E-3
99.300	-2.347E-3
99.400	-2.455E-3
99.500	-3.967E-3
99.600	-6.871E-3
99.700	-7.062E-3
99.800	-3.264E-3
99.900	-5.862E-3
100.000	-7.458E-3
100.100	-7.910E-3
100.200	-1.070E-2
100.300	-1.060E-2
100.400	-1.363E-2
100.500	-1.193E-2
100.600	-1.233E-2
100.700	-1.236E-2
100.800	-1.494E-2
100.900	-1.556E-2
101.000	-1.702E-2
101.100	-1.837E-2
101.200	-2.070E-2
101.300	-2.160E-2
101.400	-2.359E-2
101.500	-2.225E-2
101.600	-2.399E-2
101.700	-2.399E-2
101.800	-2.257E-2
101.900	-2.077E-2
102.000	-2.292E-2
102.100	-2.290E-2
102.200	-2.317E-2
102.300	-2.192E-2
102.400	-2.376E-2
102.500	-2.456E-2
102.600	-2.127E-2
102.700	-1.948E-2
102.800	-1.753E-2
102.900	-1.629E-2
103.000	-1.708E-2
103.100	-1.682E-2
103.200	-1.696E-2
103.300	-1.814E-2
103.400	-1.903E-2
103.500	-1.865E-2
103.600	-1.898E-2
103.700	-1.978E-2
103.800	-1.785E-2
103.900	-1.545E-2
104.000	-1.742E-2
104.100	-1.947E-2
104.200	-2.065E-2
104.300	-1.995E-2
104.400	-1.919E-2
104.500	-1.874E-2
104.600	-1.981E-2
104.700	-1.935E-2
104.800	-1.876E-2
104.900	-1.859E-2
105.000	-1.951E-2
105.100	-1.979E-2
105.200	-2.256E-2
105.300	-2.220E-2
105.400	-2.272E-2
105.500	-2.464E-2
105.600	-2.377E-2
105.700	-2.502E-2
105.800	-2.400E-2
105.900	-2.452E-2
106.000	-2.448E-2
106.100	-2.189E-2
106.200	-2.033E-2
106.300	-2.074E-2
106.400	-2.091E-2
106.500	-1.964E-2
106.600	-2.437E-2
106.700	-2.381E-2
106.800	-2.490E-2
106.900	-2.552E-2
107.000	-2.611E-2
107.100	-2.404E-2
107.200	-2.471E-2
107.300	-2.693E-2
107.400	-2.929E-2
107.500	-2.649E-2
107.600	-2.435E-2
107.700	-2.073E-2
107.800	-1.898E-2
107.900	-2.098E-2
108.000	-2.210E-2
108.100	-2.149E-2
108.200	-1.966E-2
108.300	-1.755E-2
108.400	-1.737E-2
108.500	-1.798E-2
108.600	-1.832E-2
108.700	-1.890E-2
108.800	-1.908E-2
108.900	-1.750E-2
109.000	-1.831E-2
109.100	-1.821E-2
109.200	-1.832E-2
109.300	-1.650E-2
109.400	-1.766E-2
109.500	-1.918E-2
109.600	-2.030E-2
109.700	-2.298E-2
109.800	-2.485E-2
109.900	-2.375E-2
110.000	-2.409E-2
110.100	-2.224E-2
110.200	-2.130E-2
110.300	-2.107E-2
110.400	-2.129E-2
110.500	-2.238E-2
110.600	-2.048E-2
110.700	-2.033E-2
110.800	-2.129E-2
110.900	-2.255E-2
111.000	-2.515E-2
111.100	-2.642E-2
111.200	-2.489E-2
111.300	-2.579E-2
111.400	-2.859E-2
111.500	-2.692E-2
111.600	-2.946E-2
111.700	-3.233E-2
111.800	-3.449E-2
111.900	-3.271E-2
112.000	-3.301E-2
112.100	-3.093E-2
112.200	-2.987E-2
112.300	-3.374E-2
112.400	-3.272E-2
112.500	-3.255E-2
112.600	-3.510E-2
112.700	-3.575E-2
112.800	-3.894E-2
112.900	-4.071E-2
113.000	-3.989E-2
113.100	-3.874E-2
113.200	-4.053E-2
113.300	-4.229E-2
113.400	-4.366E-2
113.500	-4.283E-2
113.600	-4.309E-2
113.700	-4.468E-2
113.800	-4.642E-2
113.900	-4.346E-2
114.000	-4.371E-2
114.100	-4.136E-2
114.200	-4.087E-2
114.300	-4.308E-2
114.400	-4.119E-2
114.500	-3.992E-2
114.600	-4.033E-2
114.700	-4.005E-2
114.800	-3.898E-2
114.900	-4.045E-2
115.000	-3.882E-2
115.100	-3.803E-2
115.200	-3.873E-2
115.300	-3.786E-2
115.400	-4.068E-2
115.500	-4.127E-2
115.600	-3.959E-2
115.700	-4.209E-2
115.800	-4.291E-2
115.900	-4.104E-2
116.000	-4.176E-2
116.100	-4.042E-2
116.200	-3.884E-2
116.300	-3.654E-2
116.400	-3.241E-2
116.500	-3.086E-2
116.600	-3.239E-2
116.700	-3.424E-2
116.800	-3.152E-2
116.900	-2.972E-2
117.000	-2.982E-2
117.100	-3.210E-2
117.200	-3.099E-2
117.300	-3.146E-2
117.400	-2.986E-2
117.500	-3.439E-2
117.600	-3.759E-2
117.700	-3.736E-2
117.800	-3.441E-2
117.900	-3.285E-2
118.000	-3.336E-2
118.100	-3.704E-2
118.200	-3.715E-2
118.300	-3.978E-2
118.400	-4.225E-2
118.500	-4.588E-2
118.600	-4.692E-2
118.700	-4.745E-2
118.800	-4.740E-2
118.900	-4.874E-2
119.000	-4.794E-2
119.100	-5.200E-2
119.200	-5.242E-2
119.300	-5.274E-2
119.400	-5.154E-2
119.500	-5.369E-2
119.600	-5.390E-2
119.700	-5.396E-2
119.800	-5.258E-2
119.900	-5.070E-2
120.000	-4.901E-2
120.100	-5.026E-2
120.200	-5.282E-2
120.300	-5.522E-2
120.400	-5.636E-2
120.500	-5.853E-2
120.600	-5.689E-2
120.700	-5.449E-2
120.800	-5.554E-2
120.900	-5.502E-2
121.000	-5.712E-2
121.100	-5.654E-2
121.200	-5.622E-2
121.300	-5.644E-2
121.400	-5.708E-2
121.500	-5.812E-2
121.600	-5.734E-2
121.700	-5.583E-2
121.800	-5.548E-2
121.900	-5.291E-2
122.000	-5.380E-2
122.100	-5.664E-2
122.200	-5.723E-2
122.300	-5.815E-2
122.400	-6.279E-2
122.500	-6.792E-2
122.600	-6.690E-2
122.700	-6.640E-2
122.800	-6.863E-2
122.900	-6.733E-2
123.000	-6.781E-2
123.100	-7.076E-2
123.200	-7.343E-2
123.300	-7.213E-2
123.400	-7.479E-2
123.500	-7.269E-2
123.600	-7.052E-2
123.700	-7.047E-2
123.800	-7.233E-2
123.900	-6.889E-2
124.000	-6.704E-2
124.100	-6.750E-2
124.200	-6.701E-2
124.300	-6.853E-2
124.400	-6.828E-2
124.500	-6.729E-2
124.600	-6.407E-2
124.700	-6.728E-2
124.800	-6.795E-2
124.900	-7.153E-2
125.000	-7.192E-2
125.100	-7.369E-2
125.200	-7.338E-2
125.300	-7.263E-2
125.400	-7.291E-2
125.500	-7.400E-2
125.600	-7.520E-2
125.700	-7.589E-2
125.800	-7.905E-2
125.900	-8.090E-2
126.000	-8.111E-2
126.100	-8.389E-2
126.200	-8.390E-2
126.300	-8.516E-2
126.400	-8.649E-2
126.500	-8.365E-2
126.600	-8.416E-2
126.700	-8.383E-2
126.800	-8.505E-2
126.900	-8.662E-2
127.000	-8.553E-2
127.100	-8.541E-2
127.200	-8.654E-2
127.300	-8.686E-2
127.400	-8.768E-2
127.500	-9.049E-2
127.600	-9.206E-2
127.700	-9.350E-2
127.800	-9.446E-2
127.900	-9.325E-2
128.000	-9.214E-2
128.100	-9.117E-2
128.200	-9.377E-2
128.300	-9.726E-2
128.400	-9.795E-2
128.500	-9.756E-2
128.600	-9.806E-2
128.700	-9.440E-2
128.800	-9.359E-2
128.900	-9.014E-2
129.000	-8.837E-2
129.100	-8.455E-2
129.200	-8.544E-2
129.300	-8.764E-2
129.400	-8.565E-2
129.500	-8.438E-2
129.600	-8.407E-2
129.700	-8.429E-2
129.800	-8.799E-2
129.900	-8.865E-2
130.000	-9.138E-2
130.100	-9.033E-2
130.200	-8.743E-2
130.300	-8.546E-2
130.400	-8.400E-2
130.500	-8.309E-2
130.600	-8.230E-2
130.700	-8.275E-2
130.800	-8.287E-2
130.900	-8.373E-2
131.000	-8.371E-2
131.100	-8.027E-2
131.200	-8.280E-2
131.300	-8.140E-2
131.400	-8.324E-2
131.500	-8.122E-2
131.600	-8.343E-2
131.700	-8.146E-2
131.800	-7.724E-2
131.900	-7.994E-2
132.000	-7.458E-2
132.100	-7.171E-2
132.200	-7.249E-2
132.300	-7.508E-2
132.400	-7.550E-2
132.500	-7.687E-2
132.600	-7.758E-2
132.700	-7.936E-2
132.800	-7.644E-2
132.900	-7.502E-2
133.000	-7.280E-2
133.100	-6.984E-2
133.200	-6.954E-2
133.300	-6.778E-2
133.400	-6.732E-2
133.500	-6.809E-2
133.600	-7.243E-2
133.700	-7.269E-2
133.800	-7.015E-2
133.900	-6.736E-2
134.000	-6.869E-2
134.100	-7.058E-2
134.200	-6.931E-2
134.300	-6.886E-2
134.400	-6.673E-2
134.500	-6.873E-2
134.600	-6.813E-2
134.700	-6.564E-2
134.800	-6.666E-2
134.900	-6.727E-2
135.000	-6.904E-2
135.100	-6.811E-2
135.200	-7.048E-2
135.300	-6.768E-2
135.400	-6.506E-2
135.500	-6.650E-2
135.600	-6.646E-2
135.700	-6.993E-2
135.800	-6.649E-2
135.900	-6.472E-2
136.000	-6.520E-2
136.100	-6.585E-2
136.200	-6.818E-2
136.300	-6.505E-2
136.400	-6.938E-2
136.500	-7.205E-2
136.600	-7.399E-2
136.700	-7.724E-2
136.800	-7.656E-2
136.900	-7.685E-2
137.000	-7.780E-2
137.100	-7.927E-2
137.200	-7.673E-2
137.300	-7.642E-2
137.400	-7.724E-2
137.500	-7.845E-2
137.600	-7.835E-2
137.700	-8.243E-2
137.800	-7.943E-2
137.900	-7.951E-2
138.000	-7.747E-2
138.100	-7.842E-2
138.200	-7.686E-2
138.300	-7.467E-2
138.400	-7.605E-2
138.500	-7.699E-2
138.600	-7.486E-2
138.700	-7.494E-2
138.800	-7.520E-2
138.900	-7.447E-2
139.000	-7.302E-2
139.100	-7.247E-2
139.200	-7.280E-2
139.300	-7.031E-2
139.400	-7.274E-2
139.500	-7.319E-2
139.600	-7.232E-2
139.700	-7.264E-2
139.800	-7.528E-2
139.900	-7.693E-2
140.000	-7.804E-2
140.100	-7.651E-2
140.200	-7.387E-2
140.300	-7.161E-2
140.400	-7.021E-2
140.500	-7.230E-2
140.600	-7.012E-2
140.700	-6.971E-2
140.800	-7.127E-2
140.900	-7.194E-2
141.000	-7.015E-2
141.100	-6.991E-2
141.200	-7.055E-2
141.300	-6.723E-2
141.400	-6.693E-2
141.500	-6.618E-2
141.600	-6.911E-2
141.700	-6.843E-2
141.800	-6.816E-2
141.900	-7.146E-2
142.000	-7.005E-2
142.100	-6.816E-2
142.200	-7.107E-2
142.300	-7.237E-2
142.400	-7.152E-2
142.500	-7.106E-2
142.600	-7.044E-2
142.700	-7.288E-2
142.800	-7.447E-2
142.900	-7.244E-2
143.000	-6.991E-2
143.100	-7.280E-2
143.200	-7.372E-2
143.300	-7.518E-2
143.400	-7.415E-2
143.500	-7.363E-2
143.600	-7.484E-2
143.700	-7.404E-2
143.800	-7.581E-2
143.900	-7.830E-2
144.000	-8.009E-2
144.100	-8.223E-2
144.200	-8.300E-2
144.300	-8.673E-2
144.400	-8.703E-2
144.500	-8.618E-2
144.600	-8.431E-2
144.700	-8.555E-2
144.800	-8.242E-2
144.900	-8.196E-2
145.000	-8.346E-2
145.100	-8.399E-2
145.200	-8.547E-2
145.300	-8.181E-2
145.400	-8.055E-2
145.500	-8.041E-2
145.600	-7.760E-2
145.700	-8.109E-2
145.800	-8.055E-2
145.900	-8.045E-2
146.000	-7.991E-2
146.100	-7.881E-2
146.200	-7.787E-2
146.300	-7.731E-2
146.400	-7.371E-2
146.500	-7.439E-2
146.600	-7.327E-2
146.700	-7.231E-2
146.800	-7.372E-2
146.900	-7.426E-2
147.000	-7.465E-2
147.100	-7.535E-2
147.200	-7.497E-2
147.300	-7.373E-2
147.400	-7.430E-2
147.500	-7.462E-2
147.600	-7.390E-2
147.700	-7.377E-2
147.800	-7.197E-2
147.900	-7.419E-2
148.000	-7.139E-2
148.100	-7.218E-2
148.200	-7.023E-2
148.300	-7.194E-2
148.400	-6.968E-2
148.500	-7.182E-2
148.600	-6.861E-2
148.700	-7.025E-2
148.800	-7.316E-2
148.900	-7.379E-2
149.000	-6.992E-2
149.100	-7.138E-2
149.200	-7.185E-2
149.300	-6.927E-2
149.400	-7.025E-2
149.500	-7.390E-2
149.600	-7.636E-2
149.700	-7.389E-2
149.800	-7.568E-2
149.900	-7.598E-2
150.000	-7.650E-2
150.100	-7.607E-2
150.200	-8.011E-2
150.300	-8.284E-2
150.400	-8.564E-2
150.500	-8.397E-2
150.600	-8.429E-2
150.700	-8.258E-2
150.800	-8.210E-2
150.900	-8.496E-2
151.000	-8.686E-2
151.100	-8.509E-2
151.200	-8.541E-2
151.300	-8.677E-2
151.400	-8.582E-2
151.500	-8.590E-2
151.600	-8.673E-2
151.700	-8.823E-2
151.800	-8.552E-2
151.900	-8.529E-2
152.000	-8.680E-2
152.100	-8.672E-2
152.200	-8.754E-2
152.300	-8.653E-2
152.400	-8.470E-2
152.500	-8.507E-2
152.600	-8.645E-2
152.700	-9.016E-2
152.800	-8.914E-2
152.900	-8.921E-2
153.000	-8.913E-2
153.100	-8.575E-2
153.200	-8.903E-2
153.300	-8.864E-2
153.400	-8.762E-2
153.500	-8.778E-2
153.600	-8.900E-2
153.700	-8.552E-2
153.800	-8.498E-2
153.900	-8.471E-2
154.000	-8.629E-2
154.100	-8.411E-2
154.200	-8.470E-2
154.300	-8.461E-2
154.400	-8.510E-2
154.500	-8.466E-2
154.600	-8.197E-2
154.700	-7.856E-2
154.800	-7.683E-2
154.900	-8.094E-2
155.000	-7.729E-2
155.100	-7.620E-2
155.200	-7.619E-2
155.300	-7.726E-2
155.400	-7.666E-2
155.500	-7.666E-2
155.600	-7.542E-2
155.700	-7.777E-2
155.800	-7.917E-2
155.900	-7.861E-2
156.000	-7.866E-2
156.100	-8.086E-2
156.200	-8.088E-2
156.300	-7.832E-2
156.400	-7.822E-2
156.500	-7.749E-2
156.600	-7.499E-2
156.700	-7.394E-2
156.800	-7.344E-2
156.900	-7.067E-2
157.000	-7.352E-2
157.100	-7.179E-2
157.200	-7.364E-2
157.300	-7.495E-2
157.400	-7.518E-2
157.500	-7.666E-2
157.600	-7.749E-2
157.700	-7.553E-2
157.800	-7.336E-2
157.900	-7.306E-2
158.000	-6.922E-2
158.100	-6.926E-2
158.200	-7.062E-2
158.300	-6.965E-2
158.400	-7.037E-2
158.500	-7.225E-2
158.600	-7.075E-2
158.700	-7.084E-2
158.800	-7.197E-2
158.900	-6.965E-2
159.000	-7.065E-2
159.100	-7.102E-2
159.200	-6.898E-2
159.300	-6.900E-2
159.400	-7.045E-2
159.500	-7.212E-2
159.600	-6.979E-2
159.700	-7.189E-2
159.800	-7.484E-2
159.900	-7.494E-2
160.000	-7.324E-2
160.100	-7.309E-2
160.200	-7.022E-2
160.300	-6.834E-2
160.400	-6.859E-2
160.500	-6.914E-2
160.600	-6.835E-2
160.700	-7.343E-2
160.800	-7.635E-2
160.900	-7.633E-2
161.000	-7.742E-2
161.100	-7.836E-2
161.200	-7.698E-2
161.300	-7.858E-2
161.400	-7.385E-2
161.500	-7.309E-2
161.600	-7.000E-2
161.700	-7.131E-2
161.800	-7.221E-2
161.900	-7.478E-2
162.000	-7.242E-2
162.100	-6.710E-2
162.200	-6.506E-2
162.300	-6.709E-2
162.400	-6.650E-2
162.500	-6.689E-2
162.600	-6.564E-2
162.700	-6.408E-2
162.800	-6.473E-2
162.900	-6.394E-2
163.000	-6.325E-2
163.100	-6.298E-2
163.200	-6.154E-2
163.300	-6.133E-2
163.400	-6.322E-2
163.500	-6.492E-2
163.600	-6.366E-2
163.700	-6.393E-2
163.800	-6.557E-2
163.900	-6.607E-2
164.000	-6.380E-2
164.100	-6.402E-2
164.200	-6.241E-2
164.300	-6.143E-2
164.400	-6.440E-2
164.500	-6.095E-2
164.600	-6.017E-2
164.700	-5.861E-2
164.800	-5.521E-2
164.900	-5.511E-2
165.000	-5.411E-2
165.100	-5.384E-2
165.200	-5.685E-2
165.300	-5.863E-2
165.400	-5.873E-2
165.500	-5.463E-2
165.600	-5.614E-2
165.700	-5.688E-2
165.800	-5.728E-2
165.900	-5.243E-2
166.000	-5.294E-2
166.100	-5.356E-2
166.200	-4.992E-2
166.300	-5.047E-2
166.400	-5.199E-2
166.500	-5.245E-2
166.600	-5.071E-2
166.700	-4.852E-2
166.800	-4.759E-2
166.900	-4.772E-2
167.000	-4.593E-2
167.100	-4.620E-2
167.200	-4.735E-2
167.300	-4.906E-2
167.400	-4.541E-2
167.500	-4.501E-2
167.600	-4.567E-2
167.700	-4.604E-2
167.800	-4.419E-2
167.900	-4.455E-2
168.000	-4.366E-2
168.100	-3.959E-2
168.200	-3.879E-2
168.300	-3.737E-2
168.400	-3.579E-2
168.500	-3.694E-2
168.600	-3.778E-2
168.700	-4.012E-2
168.800	-3.976E-2
168.900	-4.057E-2
169.000	-3.987E-2
169.100	-3.797E-2
169.200	-3.819E-2
169.300	-3.862E-2
169.400	-3.987E-2
169.500	-4.176E-2
169.600	-4.172E-2
169.700	-4.108E-2
169.800	-3.859E-2
169.900	-3.930E-2
170.000	-3.670E-2
170.100	-3.494E-2
170.200	-3.436E-2
170.300	-3.148E-2
170.400	-2.971E-2
170.500	-2.772E-2
170.600	-2.913E-2
170.700	-3.374E-2
170.800	-3.323E-2
170.900	-3.544E-2
171.000	-3.329E-2
171.100	-3.391E-2
171.200	-3.109E-2
171.300	-3.402E-2
171.400	-3.491E-2
171.500	-3.715E-2
171.600	-4.095E-2
171.700	-4.145E-2
171.800	-3.881E-2
171.900	-3.892E-2
172.000	-3.466E-2
172.100	-3.761E-2
172.200	-3.771E-2
172.300	-4.162E-2
172.400	-4.117E-2
172.500	-4.217E-2
172.600	-4.097E-2
172.700	-4.098E-2
172.800	-4.260E-2
172.900	-4.252E-2
173.000	-4.053E-2
173.100	-4.050E-2
173.200	-3.562E-2
173.300	-4.181E-2
173.400	-4.138E-2
173.500	-3.629E-2
173.600	-3.712E-2
173.700	-4.168E-2
173.800	-4.279E-2
173.900	-3.991E-2
174.000	-4.202E-2
174.100	-4.328E-2
174.200	-4.517E-2
174.300	-4.546E-2
174.400	-4.489E-2
174.500	-4.526E-2
174.600	-4.249E-2
174.700	-4.433E-2
174.800	-4.154E-2
174.900	-4.158E-2
175.000	-4.310E-2
175.100	-4.116E-2
175.200	-3.960E-2
175.300	-4.223E-2
175.400	-4.220E-2
175.500	-4.411E-2
175.600	-4.435E-2
175.700	-4.488E-2
175.800	-4.119E-2
175.900	-4.100E-2
176.000	-3.741E-2
176.100	-3.686E-2
176.200	-3.887E-2
176.300	-3.790E-2
176.400	-3.500E-2
176.500	-3.529E-2
176.600	-3.885E-2
176.700	-3.877E-2
176.800	-3.739E-2
176.900	-3.873E-2
177.000	-3.807E-2
177.100	-3.848E-2
177.200	-3.628E-2
177.300	-3.749E-2
177.400	-3.999E-2
177.500	-3.814E-2
177.600	-3.630E-2
177.700	-3.599E-2
177.800	-3.611E-2
177.900	-3.542E-2
178.000	-3.607E-2
178.100	-3.672E-2
178.200	-3.975E-2
178.300	-4.184E-2
178.400	-4.147E-2
178.500	-4.192E-2
178.600	-4.182E-2
178.700	-4.258E-2
178.800	-4.125E-2
178.900	-4.020E-2
179.000	-4.037E-2
179.100	-4.024E-2
179.200	-4.174E-2
179.300	-3.894E-2
179.400	-3.956E-2
179.500	-3.940E-2
179.600	-4.097E-2
179.700	-4.190E-2
179.800	-4.348E-2
179.900	-4.632E-2
180.000	-4.781E-2
180.100	-4.540E-2
180.200	-4.655E-2
180.300	-4.908E-2
180.400	-5.115E-2
180.500	-4.992E-2
180.600	-4.620E-2
180.700	-4.771E-2
180.800	-5.026E-2
180.900	-5.010E-2
181.000	-5.055E-2
181.100	-4.627E-2
181.200	-4.739E-2
181.300	-4.671E-2
181.400	-4.596E-2
181.500	-4.343E-2
181.600	-4.417E-2
181.700	-4.432E-2
181.800	-4.355E-2
181.900	-4.496E-2
182.000	-4.568E-2
182.100	-4.760E-2
182.200	-4.844E-2
182.300	-4.737E-2
182.400	-4.858E-2
182.500	-5.042E-2
182.600	-5.196E-2
182.700	-5.290E-2
182.800	-5.281E-2
182.900	-5.362E-2
183.000	-5.220E-2
183.100	-4.952E-2
183.200	-4.896E-2
183.300	-5.030E-2
183.400	-4.883E-2
183.500	-4.808E-2
183.600	-4.745E-2
183.700	-4.841E-2
183.800	-4.747E-2
183.900	-4.624E-2
184.000	-4.315E-2
184.100	-4.239E-2
184.200	-4.134E-2
184.300	-4.362E-2
184.400	-4.624E-2
184.500	-4.726E-2
184.600	-4.664E-2
184.700	-4.734E-2
184.800	-5.343E-2
184.900	-5.358E-2
185.000	-5.046E-2
185.100	-5.025E-2
185.200	-4.811E-2
185.300	-4.650E-2
185.400	-4.722E-2
185.500	-4.394E-2
185.600	-4.636E-2
185.700	-4.891E-2
185.800	-5.048E-2
185.900	-5.268E-2
186.000	-5.226E-2
186.100	-5.125E-2
186.200	-4.992E-2
186.300	-4.994E-2
186.400	-5.010E-2
186.500	-5.016E-2
186.600	-5.183E-2
186.700	-5.153E-2
186.800	-5.003E-2
186.900	-4.929E-2
187.000	-4.876E-2
187.100	-4.784E-2
187.200	-4.577E-2
187.300	-4.273E-2
187.400	-4.291E-2
187.500	-4.177E-2
187.600	-4.213E-2
187.700	-3.975E-2
187.800	-3.983E-2
187.900	-3.946E-2
188.000	-3.522E-2
188.100	-3.387E-2
188.200	-3.405E-2
188.300	-3.638E-2
188.400	-3.765E-2
188.500	-3.737E-2
188.600	-3.644E-2
188.700	-3.927E-2
188.800	-3.784E-2
188.900	-3.658E-2
189.000	-3.670E-2
189.100	-3.680E-2
189.200	-3.276E-2
189.300	-3.245E-2
189.400	-3.310E-2
189.500	-3.337E-2
189.600	-3.094E-2
189.700	-3.107E-2
189.800	-2.822E-2
189.900	-2.772E-2
190.000	-2.752E-2
190.100	-2.856E-2
190.200	-2.860E-2
190.300	-3.146E-2
190.400	-2.937E-2
190.500	-2.954E-2
190.600	-2.898E-2
190.700	-3.115E-2
190.800	-3.440E-2
190.900	-2.817E-2
191.000	-3.016E-2
191.100	-3.084E-2
191.200	-3.262E-2
191.300	-3.340E-2
191.400	-3.324E-2
191.500	-3.221E-2
191.600	-2.907E-2
191.700	-3.097E-2
191.800	-3.048E-2
191.900	-3.050E-2
192.000	-2.811E-2
192.100	-2.843E-2
192.200	-2.866E-2
192.300	-3.259E-2
192.400	-3.147E-2
192.500	-2.623E-2
192.600	-2.425E-2
192.700	-2.337E-2
192.800	-2.344E-2
192.900	-2.191E-2
193.000	-1.687E-2
193.100	-1.909E-2
193.200	-1.697E-2
193.300	-1.516E-2
193.400	-1.552E-2
193.500	-1.687E-2
193.600	-1.459E-2
193.700	-1.105E-2
193.800	-1.011E-2
193.900	-9.009E-3
194.000	-9.720E-3
194.100	-8.115E-3
194.200	-8.066E-3
194.300	-7.019E-3
194.400	-6.780E-3
194.500	-7.793E-3
194.600	-5.456E-3
194.700	-4.535E-3
194.800	-3.705E-3
194.900	-5.804E-3
195.000	-7.119E-3
195.100	-7.052E-3
195.200	-5.503E-3
195.300	-6.200E-3
195.400	-5.820E-3
195.500	-3.689E-3
195.600	-4.390E-3
195.700	-6.149E-3
195.800	-6.179E-3
195.900	-5.319E-3
196.000	-5.971E-3
196.100	-2.791E-3
196.200	-5.564E-3
196.300	-5.111E-3
196.400	-2.058E-3
196.500	-3.111E-3
196.600	-2.541E-3
196.700	-2.897E-3
196.800	-3.826E-3
196.900	-4.719E-3
197.000	-4.778E-3
197.100	-8.835E-3
197.200	-1.224E-2
197.300	-1.190E-2
197.400	-1.432E-2
197.500	-1.434E-2
197.600	-1.155E-2
197.700	-1.322E-2
197.800	-1.113E-2
197.900	-1.284E-2
198.000	-1.318E-2
198.100	-1.427E-2
198.200	-1.485E-2
198.300	-1.286E-2
198.400	-1.418E-2
198.500	-1.426E-2
198.600	-1.323E-2
198.700	-1.308E-2
198.800	-1.134E-2
198.900	-1.217E-2
199.000	-1.152E-2
199.100	-1.231E-2
199.200	-1.546E-2
199.300	-1.288E-2
199.400	-1.387E-2
199.500	-1.568E-2
199.600	-1.686E-2
199.700	-1.326E-2
199.800	-1.180E-2
199.900	-1.040E-2
200.000	-7.526E-3
200.100	-3.559E-3
200.200	-5.130E-3
200.300	-4.122E-3
200.400	-6.327E-3
200.500	-5.663E-3
200.600	-4.699E-3
200.700	-7.086E-3
200.800	-9.714E-3
200.900	-1.072E-2
201.000	-1.044E-2
201.100	-9.257E-3
201.200	-8.936E-3
201.300	-9.164E-3
201.400	-1.164E-2
201.500	-1.149E-2
201.600	-1.167E-2
201.700	-7.797E-3
201.800	-8.101E-3
201.900	-6.772E-3
202.000	-6.698E-3
202.100	-1.227E-2
202.200	-1.283E-2
202.300	-1.510E-2
202.400	-1.436E-2
202.500	-1.514E-2
202.600	-1.417E-2
202.700	-1.406E-2
202.800	-1.337E-2
202.900	-1.341E-2
203.000	-1.362E-2
203.100	-1.343E-2
203.200	-1.505E-2
203.300	-1.732E-2
203.400	-1.922E-2
203.500	-1.738E-2
203.600	-1.565E-2
203.700	-1.631E-2
203.800	-1.308E-2
203.900	-1.194E-2
204.000	-1.180E-2
204.100	-1.369E-2
204.200	-1.405E-2
204.300	-1.604E-2
204.400	-1.517E-2
204.500	-1.526E-2
204.600	-1.448E-2
204.700	-1.454E-2
204.800	-1.656E-2
204.900	-1.882E-2
205.000	-2.041E-2
205.100	-2.164E-2
205.200	-2.264E-2
205.300	-2.195E-2
205.400	-2.445E-2
205.500	-2.679E-2
205.600	-3.254E-2
205.700	-3.224E-2
205.800	-3.141E-2
205.900	-3.066E-2
206.000	-3.425E-2
206.100	-3.680E-2
206.200	-3.786E-2
206.300	-3.674E-2
206.400	-3.735E-2
206.500	-4.084E-2
206.600	-4.011E-2
206.700	-4.116E-2
206.800	-3.855E-2
206.900	-3.965E-2
207.000	-3.858E-2
207.100	-4.161E-2
207.200	-4.167E-2
207.300	-3.595E-2
207.400	-3.638E-2
207.500	-3.645E-2
207.600	-3.550E-2
207.700	-3.565E-2
207.800	-3.525E-2
207.900	-3.563E-2
208.000	-4.177E-2
208.100	-3.779E-2
208.200	-3.889E-2
208.300	-3.789E-2
208.400	-3.717E-2
208.500	-4.216E-2
208.600	-4.433E-2
208.700	-4.659E-2
208.800	-4.603E-2
208.900	-4.605E-2
209.000	-4.854E-2
209.100	-4.817E-2
209.200	-4.481E-2
209.300	-4.293E-2
209.400	-4.496E-2
209.500	-4.471E-2
209.600	-4.659E-2
209.700	-4.580E-2
209.800	-4.538E-2
209.900	-4.409E-2
210.000	-4.736E-2
210.100	-4.524E-2
210.200	-4.641E-2
210.300	-4.658E-2
210.400	-4.500E-2
210.500	-4.289E-2
210.600	-4.662E-2
210.700	-4.545E-2
210.800	-4.205E-2
210.900	-4.434E-2
211.000	-4.482E-2
211.100	-4.532E-2
211.200	-4.568E-2
211.300	-4.842E-2
211.400	-4.745E-2
211.500	-4.689E-2
211.600	-4.977E-2
211.700	-5.703E-2
211.800	-5.683E-2
211.900	-5.249E-2
212.000	-5.385E-2
212.100	-5.474E-2
212.200	-5.476E-2
212.300	-5.509E-2
212.400	-5.532E-2
212.500	-5.736E-2
212.600	-5.465E-2
212.700	-5.398E-2
212.800	-5.198E-2
212.900	-5.237E-2
213.000	-5.420E-2
213.100	-5.653E-2
213.200	-5.498E-2
213.300	-5.305E-2
213.400	-5.588E-2
213.500	-5.684E-2
213.600	-6.000E-2
213.700	-5.892E-2
213.800	-6.098E-2
213.900	-6.435E-2
214.000	-6.602E-2
214.100	-6.827E-2
214.200	-6.929E-2
214.300	-6.659E-2
214.400	-6.676E-2
214.500	-6.788E-2
214.600	-6.918E-2
214.700	-6.787E-2
214.800	-6.822E-2
214.900	-6.903E-2
215.000	-6.939E-2
215.100	-6.741E-2
215.200	-6.698E-2
215.300	-6.649E-2
215.400	-6.676E-2
215.500	-6.670E-2
215.600	-6.677E-2
215.700	-6.917E-2
215.800	-6.878E-2
215.900	-6.775E-2
216.000	-6.825E-2
216.100	-6.765E-2
216.200	-6.462E-2
216.300	-6.633E-2
216.400	-6.481E-2
216.500	-6.406E-2
216.600	-6.771E-2
216.700	-6.423E-2
216.800	-6.876E-2
216.900	-7.151E-2
217.000	-7.141E-2
217.100	-7.194E-2
217.200	-7.191E-2
217.300	-7.225E-2
217.400	-7.033E-2
217.500	-6.977E-2
217.600	-6.776E-2
217.700	-7.028E-2
217.800	-7.453E-2
217.900	-7.087E-2
218.000	-7.212E-2
218.100	-7.165E-2
218.200	-7.295E-2
218.300	-7.353E-2
218.400	-7.470E-2
218.500	-7.338E-2
218.600	-7.168E-2
218.700	-7.237E-2
218.800	-7.238E-2
218.900	-7.344E-2
219.000	-7.487E-2
219.100	-7.602E-2
219.200	-7.562E-2
219.300	-7.482E-2
219.400	-7.346E-2
219.500	-7.507E-2
219.600	-7.458E-2
219.700	-7.468E-2
219.800	-7.367E-2
219.900	-7.306E-2
220.000	-7.174E-2
220.100	-7.174E-2
220.200	-7.443E-2
220.300	-7.204E-2
220.400	-7.117E-2
220.500	-7.238E-2
220.600	-7.470E-2
220.700	-7.415E-2
220.800	-7.175E-2
220.900	-7.453E-2
221.000	-7.486E-2
221.100	-7.437E-2
221.200	-7.398E-2
221.300	-7.115E-2
221.400	-7.300E-2
221.500	-7.584E-2
221.600	-7.442E-2
221.700	-7.068E-2
221.800	-7.142E-2
221.900	-7.003E-2
222.000	-7.033E-2
222.100	-7.280E-2
222.200	-7.155E-2
222.300	-7.133E-2
222.400	-7.229E-2
222.500	-6.980E-2
222.600	-6.708E-2
222.700	-6.704E-2
222.800	-6.461E-2
222.900	-6.342E-2
223.000	-6.279E-2
223.100	-6.434E-2
223.200	-6.588E-2
223.300	-6.819E-2
223.400	-6.862E-2
223.500	-7.082E-2
223.600	-7.422E-2
223.700	-7.553E-2
223.800	-7.551E-2
223.900	-7.350E-2
224.000	-6.935E-2
224.100	-6.947E-2
224.200	-7.169E-2
224.300	-7.089E-2
224.400	-7.121E-2
224.500	-7.116E-2
224.600	-6.938E-2
224.700	-6.830E-2
224.800	-6.908E-2
224.900	-6.906E-2
225.000	-6.745E-2
225.100	-6.608E-2
225.200	-6.469E-2
225.300	-6.367E-2
225.400	-6.520E-2
225.500	-6.687E-2
225.600	-6.594E-2
225.700	-6.398E-2
225.800	-6.734E-2
225.900	-6.928E-2
226.000	-6.819E-2
226.100	-7.231E-2
226.200	-6.885E-2
226.300	-6.704E-2
226.400	-6.595E-2
226.500	-6.336E-2
226.600	-6.479E-2
226.700	-6.562E-2
226.800	-6.601E-2
226.900	-6.114E-2
227.000	-5.967E-2
227.100	-5.561E-2
227.200	-5.586E-2
227.300	-5.735E-2
227.400	-5.722E-2
227.500	-5.815E-2
227.600	-5.557E-2
227.700	-5.507E-2
227.800	-5.527E-2
227.900	-5.774E-2
228.000	-5.652E-2
228.100	-5.538E-2
228.200	-5.588E-2
228.300	-5.658E-2
228.400	-6.037E-2
228.500	-5.952E-2
228.600	-6.044E-2
228.700	-6.014E-2
228.800	-6.277E-2
228.900	-6.468E-2
229.000	-6.322E-2
229.100	-6.804E-2
229.200	-6.879E-2
229.300	-6.780E-2
229.400	-6.769E-2
229.500	-6.763E-2
229.600	-7.114E-2
229.700	-7.087E-2
229.800	-7.209E-2
229.900	-7.157E-2
230.000	-7.323E-2
230.100	-7.126E-2
230.200	-7.247E-2
230.300	-7.094E-2
230.400	-7.006E-2
230.500	-7.118E-2
230.600	-7.261E-2
230.700	-7.320E-2
230.800	-7.130E-2
230.900	-7.076E-2
231.000	-7.477E-2
231.100	-7.454E-2
231.200	-7.593E-2
231.300	-7.527E-2
231.400	-7.626E-2
231.500	-8.051E-2
231.600	-8.144E-2
231.700	-8.371E-2
231.800	-8.432E-2
231.900	-8.341E-2
232.000	-8.686E-2
232.100	-8.360E-2
232.200	-8.205E-2
232.300	-8.122E-2
232.400	-8.011E-2
232.500	-8.143E-2
232.600	-8.131E-2
232.700	-7.975E-2
232.800	-8.208E-2
232.900	-8.237E-2
233.000	-8.027E-2
233.100	-7.938E-2
233.200	-8.714E-2
233.300	-8.878E-2
233.400	-8.943E-2
233.500	-8.878E-2
233.600	-8.661E-2
233.700	-8.674E-2
233.800	-8.564E-2
233.900	-8.527E-2
234.000	-8.516E-2
234.100	-8.161E-2
234.200	-8.312E-2
234.300	-8.431E-2
234.400	-8.565E-2
234.500	-8.493E-2
234.600	-8.484E-2
234.700	-8.523E-2
234.800	-8.546E-2
234.900	-8.592E-2
235.000	-8.664E-2
235.100	-8.487E-2
235.200	-7.961E-2
235.300	-7.864E-2
235.400	-7.808E-2
235.500	-7.596E-2
235.600	-7.757E-2
235.700	-8.178E-2
235.800	-8.258E-2
235.900	-8.262E-2
236.000	-8.324E-2
236.100	-8.325E-2
236.200	-8.523E-2
236.300	-8.574E-2
236.400	-8.329E-2
236.500	-8.436E-2
236.600	-8.720E-2
236.700	-8.783E-2
236.800	-8.979E-2
236.900	-8.992E-2
237.000	-8.777E-2
237.100	-8.459E-2
237.200	-8.598E-2
237.300	-8.741E-2
237.400	-8.648E-2
237.500	-8.994E-2
237.600	-8.983E-2
237.700	-8.996E-2
237.800	-8.818E-2
237.900	-8.575E-2
238.000	-8.574E-2
238.100	-8.470E-2
238.200	-8.447E-2
238.300	-8.531E-2
238.400	-8.944E-2
238.500	-9.032E-2
238.600	-8.875E-2
238.700	-8.749E-2
238.800	-8.781E-2
238.900	-8.549E-2
239.000	-8.418E-2
239.100	-8.127E-2
239.200	-8.074E-2
239.300	-8.023E-2
239.400	-8.116E-2
239.500	-7.979E-2
239.600	-8.019E-2
239.700	-7.875E-2
239.800	-8.125E-2
239.900	-8.066E-2
240.000	-7.911E-2
240.100	-8.236E-2
240.200	-8.355E-2
240.300	-8.423E-2
240.400	-8.701E-2
240.500	-8.555E-2
240.600	-8.731E-2
240.700	-8.895E-2
240.800	-8.815E-2
240.900	-8.574E-2
241.000	-8.518E-2
241.100	-8.759E-2
241.200	-8.726E-2
241.300	-8.698E-2
241.400	-8.276E-2
241.500	-8.244E-2
241.600	-8.297E-2
241.700	-8.330E-2
241.800	-8.233E-2
241.900	-8.380E-2
242.000	-8.413E-2
242.100	-8.634E-2
242.200	-8.599E-2
242.300	-8.424E-2
242.400	-8.687E-2
242.500	-8.615E-2
242.600	-8.738E-2
242.700	-8.907E-2
242.800	-8.859E-2
242.900	-8.698E-2
243.000	-8.788E-2
243.100	-8.913E-2
243.200	-8.891E-2
243.300	-8.585E-2
243.400	-8.395E-2
243.500	-8.462E-2
243.600	-8.111E-2
243.700	-7.415E-2
243.800	-7.263E-2
243.900	-7.245E-2
244.000	-7.208E-2
244.100	-7.545E-2
244.200	-7.940E-2
244.300	-7.924E-2
244.400	-7.769E-2
244.500	-7.801E-2
244.600	-7.729E-2
244.700	-7.941E-2
244.800	-7.877E-2
244.900	-7.560E-2
245.000	-7.135E-2
245.100	-7.088E-2
245.200	-7.231E-2
245.300	-7.106E-2
245.400	-6.938E-2
245.500	-6.818E-2
245.600	-6.777E-2
245.700	-6.631E-2
245.800	-6.548E-2
245.900	-6.533E-2
246.000	-6.373E-2
246.100	-5.851E-2
246.200	-5.875E-2
246.300	-6.014E-2
246.400	-6.122E-2
246.500	-6.126E-2
246.600	-5.808E-2
246.700	-5.679E-2
246.800	-5.771E-2
246.900	-5.802E-2
247.000	-5.662E-2
247.100	-5.680E-2
247.200	-5.618E-2
247.300	-5.403E-2
247.400	-5.541E-2
247.500	-5.384E-2
247.600	-5.182E-2
247.700	-5.210E-2
247.800	-5.151E-2
247.900	-5.245E-2
248.000	-5.282E-2
248.100	-5.716E-2
248.200	-5.534E-2
248.300	-5.452E-2
248.400	-5.385E-2
248.500	-5.175E-2
248.600	-5.132E-2
248.700	-5.055E-2
248.800	-5.042E-2
248.900	-4.871E-2
249.000	-4.938E-2
249.100	-4.475E-2
249.200	-4.386E-2
249.300	-4.650E-2
249.400	-4.761E-2
249.500	-4.617E-2
249.600	-4.738E-2
249.700	-4.722E-2
249.800	-4.465E-2
249.900	-4.385E-2
250.000	-4.224E-2
250.100	-4.016E-2
250.200	-4.277E-2
250.300	-4.097E-2
250.400	-3.795E-2
250.500	-3.995E-2
250.600	-3.786E-2
250.700	-3.729E-2
250.800	-3.796E-2
250.900	-3.669E-2
251.000	-3.479E-2
251.100	-3.426E-2
251.200	-2.989E-2
251.300	-3.249E-2
251.400	-3.174E-2
251.500	-2.888E-2
251.600	-2.882E-2
251.700	-3.093E-2
251.800	-3.150E-2
251.900	-3.213E-2
252.000	-3.252E-2
252.100	-3.474E-2
252.200	-3.921E-2
252.300	-3.921E-2
252.400	-4.130E-2
252.500	-4.562E-2
252.600	-4.488E-2
252.700	-4.637E-2
252.800	-4.585E-2
252.900	-4.656E-2
253.000	-4.715E-2
253.100	-4.475E-2
253.200	-4.565E-2
253.300	-4.605E-2
253.400	-4.549E-2
253.500	-4.932E-2
253.600	-4.755E-2
253.700	-4.548E-2
253.800	-4.485E-2
253.900	-4.344E-2
254.000	-4.162E-2
254.100	-4.352E-2
254.200	-4.646E-2
254.300	-4.604E-2
254.400	-4.657E-2
254.500	-4.413E-2
254.600	-4.565E-2
254.700	-4.729E-2
254.800	-4.692E-2
254.900	-4.994E-2
255.000	-4.990E-2
255.100	-5.184E-2
255.200	-5.179E-2
255.300	-5.371E-2
255.400	-5.348E-2
255.500	-5.721E-2
255.600	-5.940E-2
255.700	-5.740E-2
255.800	-6.069E-2
255.900	-6.103E-2
256.000	-6.090E-2
256.100	-6.246E-2
256.200	-6.120E-2
256.300	-6.070E-2
256.400	-5.918E-2
256.500	-5.997E-2
