	mass A	
t	y	
6.300	7.710E-2
6.400	7.382E-2
6.500	6.890E-2
6.600	6.267E-2
6.700	5.788E-2
6.800	5.298E-2
6.900	4.813E-2
7.000	3.934E-2
7.100	3.424E-2
7.200	3.089E-2
7.300	2.034E-2
7.400	1.317E-2
7.500	1.859E-3
7.600	-6.475E-3
7.700	-8.261E-3
7.800	-1.005E-2
7.900	-1.243E-2
8.000	-1.836E-2
8.100	-2.013E-2
8.200	-2.578E-2
8.300	-3.078E-2
8.400	-4.057E-2
8.500	-4.885E-2
8.600	-5.707E-2
8.700	-6.329E-2
8.800	-6.794E-2
8.900	-7.498E-2
9.000	-0.106
9.100	-8.174E-2
9.200	-8.681E-2
9.300	-9.326E-2
9.400	-0.101
9.500	-0.106
9.600	-0.111
9.700	-0.119
9.800	-0.125
9.900	-0.130
10.000	-0.135
10.100	-0.141
10.200	-0.149
10.300	-0.154
10.400	-0.159
10.500	-0.167
10.600	-0.173
10.700	-0.180
10.800	-0.181
10.900	-0.185
11.000	-0.195
11.100	-0.201
11.200	-0.209
11.300	-0.214
11.400	-0.218
11.500	-0.222
11.600	-0.227
11.700	-0.232
11.800	-0.236
11.900	-0.242
12.000	-0.249
12.100	-0.253
12.200	-0.257
12.300	-0.262
12.400	-0.270
12.500	-0.276
12.600	-0.283
12.700	-0.287
12.800	-0.293
12.900	-0.301
13.000	-0.306
13.100	-0.314
13.200	-0.318
13.300	-0.323
13.400	-0.328
13.500	-0.332
13.600	-0.339
13.700	-0.345
13.800	-0.353
13.900	-0.359
14.000	-0.365
14.100	-0.366
14.200	-0.376
14.300	-0.381
14.400	-0.391
14.500	-0.399
14.600	-0.403
14.700	-0.408
14.800	-0.414
14.900	-0.421
15.000	-0.428
15.100	-0.432
15.200	-0.439
15.300	-0.446
15.400	-0.452
15.500	-0.458
15.600	-0.464
15.700	-0.469
15.800	-0.475
15.900	-0.485
16.000	-0.490
16.100	-0.496
16.200	-0.503
16.300	-0.511
16.400	-0.519
16.500	-0.529
16.600	-0.534
16.700	-0.540
16.800	-0.543
16.900	-0.549
17.000	-0.556
17.100	-0.566
17.200	-0.571
17.300	-0.576
17.400	-0.581
17.500	-0.592
17.600	-0.594
17.700	-0.598
17.800	-0.602
17.900	-0.608
18.000	-0.615
18.100	-0.619
18.200	-0.629
18.300	-0.630
18.400	-0.634
18.500	-0.639
18.600	-0.641
18.700	-0.651
18.800	-0.658
18.900	-0.665
19.000	-0.670
19.100	-0.676
19.200	-0.684
19.300	-0.690
19.400	-0.695
19.500	-0.698
19.600	-0.706
19.700	-0.716
19.800	-0.722
19.900	-0.724
20.000	-0.728
20.100	-0.736
20.200	-0.742
20.300	-0.747
20.400	-0.754
20.500	-0.762
20.600	-0.766
20.700	-0.775
20.800	-0.780
20.900	-0.784
21.000	-0.793
21.100	-0.800
21.200	-0.800
21.300	-0.807
21.400	-0.810
21.500	-0.818
21.600	-0.819
21.700	-0.827
21.800	-0.829
21.900	-0.832
22.000	-0.834
22.100	-0.840
22.200	-0.844
22.300	-0.847
22.400	-0.856
22.500	-0.862
22.600	-0.868
22.700	-0.874
22.800	-0.880
22.900	-0.888
23.000	-0.895
23.100	-0.902
23.200	-0.906
23.300	-0.908
23.400	-0.914
23.500	-0.917
23.600	-0.925
23.700	-0.930
23.800	-0.937
23.900	-0.940
24.000	-0.944
24.100	-0.948
24.200	-0.957
24.300	-0.964
24.400	-0.968
24.500	-0.970
24.600	-0.973
24.700	-0.979
24.800	-0.984
24.900	-0.998
25.000	-1.006
25.100	-1.008
25.200	-1.012
25.300	-1.021
25.400	-1.024
25.500	-1.029
25.600	-1.031
25.700	-1.036
25.800	-1.045
25.900	-1.054
26.000	-1.061
26.100	-1.067
26.200	-1.070
26.300	-1.075
26.400	-1.081
26.500	-1.090
26.600	-1.096
26.700	-1.101
26.800	-1.106
26.900	-1.112
27.000	-1.115
27.100	-1.119
27.200	-1.126
27.300	-1.130
27.400	-1.137
27.500	-1.142
27.600	-1.151
27.700	-1.159
27.800	-1.162
27.900	-1.170
28.000	-1.176
28.100	-1.181
28.200	-1.191
28.300	-1.197
28.400	-1.202
28.500	-1.209
28.600	-1.218
28.700	-1.227
28.800	-1.236
28.900	-1.244
29.000	-1.247
29.100	-1.253
29.200	-1.261
29.300	-1.264
29.400	-1.268
29.500	-1.274
29.600	-1.280
29.700	-1.288
29.800	-1.291
29.900	-1.298
30.000	-1.303
30.100	-1.309
30.200	-1.317
30.300	-1.324
30.400	-1.328
30.500	-1.333
30.600	-1.339
30.700	-1.342
30.800	-1.349
30.900	-1.353
31.000	-1.358
31.100	-1.363
31.200	-1.368
31.300	-1.374
31.400	-1.379
31.500	-1.386
31.600	-1.394
31.700	-1.401
31.800	-1.405
31.900	-1.405
32.000	-1.413
32.100	-1.421
32.200	-1.417
32.300	-1.422
32.400	-1.426
32.500	-1.432
32.600	-1.436
32.700	-1.443
32.800	-1.451
32.900	-1.461
33.000	-1.469
33.100	-1.476
33.200	-1.481
33.300	-1.490
33.400	-1.494
33.500	-1.500
33.600	-1.507
33.700	-1.514
33.800	-1.518
33.900	-1.519
34.000	-1.525
34.100	-1.529
34.200	-1.534
34.300	-1.542
34.400	-1.549
34.500	-1.556
34.600	-1.564
34.700	-1.570
34.800	-1.572
34.900	-1.577
35.000	-1.584
35.100	-1.591
35.200	-1.598
35.300	-1.605
35.400	-1.603
35.500	-1.615
35.600	-1.617
35.700	-1.623
35.800	-1.629
35.900	-1.629
36.000	-1.631
36.100	-1.632
36.200	-1.632
36.300	-1.630
36.400	-1.630
36.500	-1.630
36.600	-1.628
36.700	-1.628
36.800	-1.628
36.900	-1.624
37.000	-1.626
37.100	-1.625
37.200	-1.625
37.300	-1.628
37.400	-1.628
37.500	-1.624
37.600	-1.624
37.700	-1.625
37.800	-1.624
37.900	-1.625
38.000	-1.629
38.100	-1.631
38.200	-1.632
38.300	-1.630
38.400	-1.629
38.500	-1.631
38.600	-1.632
38.700	-1.632
38.800	-1.629
38.900	-1.627
39.000	-1.627
39.100	-1.632
39.200	-1.634
39.300	-1.635
39.400	-1.630
39.500	-1.626
39.600	-1.627
39.700	-1.630
39.800	-1.625
39.900	-1.625
40.000	-1.625
40.100	-1.625
40.200	-1.623
40.300	-1.625
40.400	-1.627
40.500	-1.627
40.600	-1.629
40.700	-1.628
40.800	-1.629
40.900	-1.630
41.000	-1.625
41.100	-1.625
41.200	-1.626
41.300	-1.628
