	质量 A	
t	y	
0.000	0.618
0.100	0.618
0.200	0.618
0.300	0.618
0.400	0.621
0.500	0.621
0.600	0.618
0.700	0.615
0.800	0.611
0.900	0.612
1.000	0.611
1.100	0.611
1.200	0.611
1.300	0.606
1.400	0.607
1.500	0.605
1.600	0.606
1.700	0.608
1.800	0.608
1.900	0.608
2.000	0.610
2.100	0.610
2.200	0.610
2.300	0.605
2.400	0.603
2.500	0.592
2.600	0.592
2.700	0.590
2.800	0.580
2.900	0.574
3.000	0.575
3.100	0.566
3.200	0.561
3.300	0.561
3.400	0.543
3.500	0.543
3.600	0.525
3.700	0.524
3.800	0.525
3.900	0.516
4.000	0.509
4.100	0.509
4.200	0.502
4.300	0.500
4.400	0.500
4.500	0.492
4.600	0.492
4.700	0.476
4.800	0.470
4.900	0.469
5.000	0.467
5.100	0.467
5.200	0.453
5.300	0.453
5.400	0.445
5.500	0.445
5.600	0.437
5.700	0.432
5.800	0.426
5.900	0.427
6.000	0.418
6.100	0.412
6.200	0.413
6.300	0.405
6.400	0.400
6.500	0.398
6.600	0.393
6.700	0.394
6.800	0.388
6.900	0.382
7.000	0.382
7.100	0.380
7.200	0.369
7.300	0.370
7.400	0.365
7.500	0.358
7.600	0.357
7.700	0.354
7.800	0.341
7.900	0.334
8.000	0.330
8.100	0.326
8.200	0.324
8.300	0.322
8.400	0.317
8.500	0.312
8.600	0.308
8.700	0.305
8.800	0.301
8.900	0.297
9.000	0.297
9.100	0.288
9.200	0.288
9.300	0.285
9.400	0.280
9.500	0.280
9.600	0.270
9.700	0.270
9.800	0.261
9.900	0.256
10.000	0.256
10.100	0.248
10.200	0.247
10.300	0.241
10.400	0.235
10.500	0.229
10.600	0.223
10.700	0.223
10.800	0.223
10.900	0.213
11.000	0.209
11.100	0.201
11.200	0.201
11.300	0.188
11.400	0.182
11.500	0.181
11.600	0.177
11.700	0.177
11.800	0.170
11.900	0.167
12.000	0.162
12.100	0.156
12.200	0.147
12.300	0.141
12.400	0.137
12.500	0.130
12.600	0.131
12.700	0.123
12.800	0.122
12.900	0.116
13.000	0.109
13.100	0.108
13.200	0.107
13.300	0.104
13.400	9.529E-2
13.500	8.879E-2
13.600	8.172E-2
13.700	7.835E-2
13.800	7.529E-2
13.900	6.769E-2
14.000	6.435E-2
14.100	5.816E-2
14.200	5.580E-2
14.300	5.426E-2
14.400	5.238E-2
14.500	4.854E-2
14.600	4.626E-2
14.700	4.125E-2
14.800	3.447E-2
14.900	2.933E-2
15.000	2.565E-2
15.100	2.232E-2
15.200	2.064E-2
15.300	1.516E-2
15.400	1.075E-2
15.500	1.106E-2
15.600	3.721E-3
15.700	-1.481E-3
15.800	-3.249E-3
15.900	-1.014E-2
16.000	-1.445E-2
16.100	-1.943E-2
16.200	-2.349E-2
16.300	-2.920E-2
16.400	-3.404E-2
16.500	-4.192E-2
16.600	-5.337E-2
16.700	-6.409E-2
16.800	-7.242E-2
16.900	-7.361E-2
17.000	-7.838E-2
17.100	-8.671E-2
17.200	-9.028E-2
17.300	-9.266E-2
17.400	-9.370E-2
17.500	-9.949E-2
17.600	-0.100
17.700	-0.103
17.800	-0.107
17.900	-0.113
18.000	-0.114
18.100	-0.120
18.200	-0.124
18.300	-0.127
18.400	-0.135
18.500	-0.138
18.600	-0.142
18.700	-0.146
18.800	-0.149
18.900	-0.151
19.000	-0.160
19.100	-0.166
19.200	-0.174
19.300	-0.178
19.400	-0.182
19.500	-0.187
19.600	-0.193
19.700	-0.197
19.800	-0.202
19.900	-0.208
20.000	-0.212
20.100	-0.217
20.200	-0.218
20.300	-0.225
20.400	-0.231
20.500	-0.239
20.600	-0.240
20.700	-0.244
20.800	-0.253
20.900	-0.257
21.000	-0.265
21.100	-0.268
21.200	-0.270
21.300	-0.274
21.400	-0.281
21.500	-0.281
21.600	-0.290
21.700	-0.292
21.800	-0.296
21.900	-0.301
22.000	-0.310
22.100	-0.316
22.200	-0.320
22.300	-0.323
22.400	-0.331
22.500	-0.337
22.600	-0.343
22.700	-0.352
22.800	-0.355
22.900	-0.361
23.000	-0.365
23.100	-0.369
23.200	-0.379
23.300	-0.383
23.400	-0.393
23.500	-0.400
23.600	-0.414
23.700	-0.418
23.800	-0.417
23.900	-0.424
24.000	-0.431
24.100	-0.437
24.200	-0.444
24.300	-0.449
24.400	-0.450
24.500	-0.456
24.600	-0.458
24.700	-0.464
24.800	-0.467
24.900	-0.470
25.000	-0.476
25.100	-0.480
25.200	-0.484
25.300	-0.490
25.400	-0.497
25.500	-0.500
25.600	-0.505
25.700	-0.513
25.800	-0.521
25.900	-0.523
26.000	-0.531
26.100	-0.539
26.200	-0.538
26.300	-0.541
26.400	-0.543
26.500	-0.546
26.600	-0.554
26.700	-0.559
26.800	-0.563
26.900	-0.568
27.000	-0.574
27.100	-0.578
27.200	-0.581
27.300	-0.587
27.400	-0.588
27.500	-0.593
27.600	-0.597
27.700	-0.604
27.800	-0.611
27.900	-0.613
28.000	-0.612
28.100	-0.616
28.200	-0.617
28.300	-0.624
28.400	-0.631
28.500	-0.638
28.600	-0.642
28.700	-0.658
28.800	-0.656
28.900	-0.667
29.000	-0.670
29.100	-0.674
29.200	-0.675
29.300	-0.680
29.400	-0.680
29.500	-0.692
29.600	-0.694
29.700	-0.692
29.800	-0.696
29.900	-0.703
30.000	-0.711
30.100	-0.716
30.200	-0.723
30.300	-0.728
30.400	-0.732
30.500	-0.737
30.600	-0.743
30.700	-0.748
30.800	-0.755
30.900	-0.762
31.000	-0.763
31.100	-0.767
31.200	-0.768
31.300	-0.773
31.400	-0.778
31.500	-0.783
31.600	-0.788
31.700	-0.791
31.800	-0.794
31.900	-0.801
32.000	-0.809
32.100	-0.813
32.200	-0.815
32.300	-0.821
32.400	-0.826
32.500	-0.829
32.600	-0.836
32.700	-0.841
32.800	-0.842
32.900	-0.844
33.000	-0.863
33.100	-0.870
33.200	-0.871
33.300	-0.880
33.400	-0.880
33.500	-0.881
33.600	-0.882
33.700	-0.886
33.800	-0.886
33.900	-0.891
34.000	-0.895
34.100	-0.894
34.200	-0.899
34.300	-0.905
34.400	-0.911
34.500	-0.911
34.600	-0.923
34.700	-0.928
34.800	-0.935
34.900	-0.941
35.000	-0.947
35.100	-0.954
35.200	-0.958
35.300	-0.960
35.400	-0.966
35.500	-0.972
35.600	-0.974
35.700	-0.974
35.800	-0.978
35.900	-0.982
36.000	-0.987
36.100	-0.995
36.200	-0.998
36.300	-1.001
36.400	-1.006
36.500	-1.012
36.600	-1.012
36.700	-1.016
36.800	-1.020
36.900	-1.026
37.000	-1.031
37.100	-1.034
37.200	-1.039
37.300	-1.043
37.400	-1.053
37.500	-1.064
37.600	-1.070
37.700	-1.073
37.800	-1.074
37.900	-1.083
38.000	-1.089
38.100	-1.091
38.200	-1.086
38.300	-1.087
38.400	-1.090
38.500	-1.089
38.600	-1.088
38.700	-1.089
38.800	-1.087
38.900	-1.083
39.000	-1.083
39.100	-1.083
39.200	-1.086
39.300	-1.080
39.400	-1.084
39.500	-1.084
39.600	-1.083
39.700	-1.083
39.800	-1.083
39.900	-1.082
40.000	-1.080
40.100	-1.077
40.200	-1.077
